1 0
2 0
3 0
4 0
5 0
6 0
7 0
8 0
9 0
10 0
11 0
12 0
13 0
14 0
15 0
16 0
17 0
18 0
19 0
20 0
21 0
22 0
23 0
24 0
25 0
26 0
27 0
28 0
29 0
30 0
31 0
32 0
33 0
34 0
35 0
36 0
37 0
38 0
39 0
40 0
41 0
42 0
43 0
44 0
45 0
46 0
47 0
48 0
49 0
50 0
51 0
52 0
53 0
54 0
55 0
56 0
57 0
58 0
59 0
60 0
61 0
62 0
63 0
64 0
65 0
66 0
67 0
68 0
69 0
70 0
71 0
72 0
73 0
74 0
75 0
76 0
77 0
78 0
79 0
80 0
81 0
82 0
83 0
84 0
85 0
86 0
87 0
88 0
89 0
90 0
91 0
92 0
93 0
94 0
95 0
96 0
97 0
98 0
99 0
100 0
101 0.0
102 0.0
103 0.0
104 0.0
105 0.0
106 0.0
107 0.0
108 0.0
109 0.0
110 0.0
111 0.0
112 0.0
113 0.0
114 0.0
115 0.0
116 0.0
117 0.0
118 0.0
119 0.0
120 0.0
121 0.0
122 0.0
123 0.0
124 0.0
125 0.0
126 0.0
127 0.0
128 0.0
129 0.0
130 0.0
131 0.0
132 0.0
133 0.0
134 0.0
135 0.0
136 0.0
137 0.0
138 0.0
139 0.0
140 0.0
141 0.0
142 0.0
143 0.0
144 0.0
145 0.0
146 0.0
147 0.0
148 0.0
149 0.0
150 0.0
151 0.0
152 0.0
153 0.0
154 0.0
155 0.0
156 0.0
157 0.0
158 0.0
159 0.0
160 0.0
161 0.0
162 0.0
163 0.0
164 0.0
165 0.0
166 0.0
167 0.0
168 0.0
169 0.0
170 0.0
171 0.0
172 0.0
173 0.0
174 0.0
175 0.0
176 0.0
177 0.0
178 0.0
179 0.0
180 0.0
181 0.0
182 0.0
183 0.0
184 0.0
185 0.0
186 0.0
187 0.0
188 0.0
189 0.0
190 0.0
191 0.0
192 0.0
193 0.0
194 0.0
195 0.0
196 0.0
197 0.0
198 0.0
199 0.0
200 0.0
201 0.0
202 0.0
203 0.0
204 0.0
205 0.0
206 0.0
207 0.0
208 0.0
209 0.0
210 0.0
211 0.0
212 0.0
213 0.0
214 0.0
215 0.0
216 0.0
217 0.0
218 0.0
219 0.0
220 0.0
221 0.0
222 0.0
223 0.0
224 0.0
225 0.0
226 0.0
227 0.0
228 0.0
229 0.0
230 0.0
231 0.0
232 0.0
233 0.0
234 0.0
235 0.0
236 0.0
237 0.0
238 0.0
239 0.0
240 0.0
241 0.0
242 0.0
243 0.0
244 0.0
245 0.0
246 0.0
247 0.0
248 0.0
249 0.0
250 0.0
251 0.0
252 0.0
253 0.0
254 0.0
255 0.0
256 0.0
257 0.0
258 0.0
259 0.0
260 0.0
261 0.0
262 0.0
263 0.0
264 0.0
265 0.0
266 0.0
267 0.0
268 0.0
269 0.0
270 0.0
271 0.0
272 0.0
273 0.0
274 0.0
275 0.0
276 0.0
277 0.0
278 0.0
279 0.0
280 0.0
281 0.0
282 0.0
283 0.0
284 0.0
285 0.0
286 0.0
287 0.0
288 0.0
289 0.0
290 0.0
291 0.0
292 0.0
293 0.0
294 0.0
295 0.0
296 0.0
297 0.0
298 0.0
299 0.0
300 0.0
301 0.0
302 0.0
303 0.0
304 0.0
305 0.0
306 0.0
307 0.0
308 0.0
309 0.0
310 0.0
311 0.0
312 0.0
313 0.0
314 0.0
315 0.0
316 0.0
317 0.0
318 0.0
319 0.0
320 0.0
321 0.0
322 0.0
323 0.0
324 0.0
325 0.0
326 0.0
327 0.0
328 0.0
329 0.0
330 0.0
331 0.0
332 0.0
333 0.0
334 0.0
335 0.0
336 0.0
337 0.0
338 0.0
339 0.0
340 0.0
341 0.0
342 0.0
343 0.0
344 0.0
345 0.0
346 0.0
347 0.0
348 0.0
349 0.0
350 0.0
351 0.0
352 0.0
353 0.0
354 0.0
355 0.0
356 0.0
357 0.0
358 0.0
359 0.0
360 0.0
361 0.0
362 0.0
363 0.0
364 0.0
365 0.0
366 0.0
367 0.0
368 0.0
369 0.0
370 0.0
371 0.0
372 0.0
373 0.0
374 0.0
375 0.0
376 0.0
377 0.0
378 0.0
379 0.0
380 0.0
381 0.0
382 0.0
383 0.0
384 0.0
385 0.0
386 0.0
387 0.0
388 0.0
389 0.0
390 0.0
391 0.0
392 0.0
393 0.0
394 0.0
395 0.0
396 0.0
397 0.0
398 0.0
399 0.0
400 0.0
401 0.0
402 0.0
403 0.0
404 0.0
405 0.0
406 0.0
407 0.0
408 0.0
409 0.0
410 0.0
411 0.0
412 0.0
413 0.0
414 0.0
415 0.0
416 0.0
417 0.0
418 0.0
419 0.0
420 0.0
421 0.0
422 0.0
423 0.0
424 0.0
425 0.0
426 0.0
427 0.0
428 0.0
429 0.0
430 0.0
431 0.0
432 0.0
433 0.0
434 0.0
435 0.0
436 0.0
437 0.0
438 0.0
439 0.0
440 0.0
441 0.0
442 0.0
443 0.0
444 0.0
445 0.0
446 0.0
447 0.0
448 0.0
449 0.0
450 0.0
451 0.0
452 0.0
453 0.0
454 0.0
455 0.0
456 0.0
457 0.0
458 0.0
459 0.0
460 0.0
461 0.0
462 0.0
463 0.0
464 0.0
465 0.0
466 0.0
467 0.0
468 0.0
469 0.0
470 0.0
471 0.0
472 0.0
473 0.0
474 0.0
475 0.0
476 0.0
477 0.0
478 0.0
479 0.0
480 0.0
481 0.0
482 0.0
483 0.0
484 0.0
485 0.0
486 0.0
487 0.0
488 0.0
489 0.0
490 0.0
491 0.0
492 0.0
493 0.0
494 0.0
495 0.0
496 0.0
497 0.0
498 0.0
499 0.0
500 0.0
501 0.0
502 0.0
503 0.0
504 0.0
505 0.0
506 0.0
507 0.0
508 0.0
509 0.0
510 0.0
511 0.0
512 0.0
513 0.0
514 0.0
515 0.0
516 0.0
517 0.0
518 0.0
519 0.0
520 0.0
521 0.0
522 0.0
523 0.0
524 0.0
525 0.0
526 0.0
527 0.0
528 0.0
529 0.0
530 0.0
531 0.0
532 0.0
533 0.0
534 0.0
535 0.0
536 0.0
537 0.0
538 0.0
539 0.0
540 0.0
541 0.0
542 0.0
543 0.0
544 0.0
545 0.0
546 0.0
547 0.0
548 0.0
549 0.0
550 0.0
551 0.0
552 0.0
553 0.0
554 0.0
555 0.0
556 0.0
557 0.0
558 0.0
559 0.0
560 0.0
561 0.0
562 0.0
563 0.0
564 0.0
565 0.0
566 0.0
567 0.0
568 0.0
569 0.0
570 0.0
571 0.0
572 0.0
573 0.0
574 0.0
575 0.0
576 0.0
577 0.0
578 0.01
579 0.01
580 0.01
581 0.01
582 0.01
583 0.01
584 0.01
585 0.01
586 0.01
587 0.01
588 0.01
589 0.01
590 0.01
591 0.01
592 0.01
593 0.01
594 0.01
595 0.01
596 0.01
597 0.01
598 0.01
599 0.01
600 0.01
601 0.01
602 0.01
603 0.01
604 0.01
605 0.01
606 0.01
607 0.01
608 0.01
609 0.01
610 0.01
611 0.01
612 0.01
613 0.01
614 0.01
615 0.01
616 0.01
617 0.01
618 0.01
619 0.01
620 0.01
621 0.01
622 0.01
623 0.01
624 0.01
625 0.01
626 0.01
627 0.01
628 0.01
629 0.01
630 0.01
631 0.01
632 0.01
633 0.01
634 0.01
635 0.01
636 0.01
637 0.01
638 0.01
639 0.01
640 0.01
641 0.01
642 0.01
643 0.01
644 0.01
645 0.01
646 0.01
647 0.01
648 0.01
649 0.01
650 0.01
651 0.01
652 0.01
653 0.01
654 0.01
655 0.01
656 0.01
657 0.01
658 0.01
659 0.01
660 0.01
661 0.01
662 0.01
663 0.01
664 0.01
665 0.01
666 0.01
667 0.01
668 0.01
669 0.01
670 0.01
671 0.01
672 0.01
673 0.01
674 0.01
675 0.01
676 0.01
677 0.01
678 0.0
679 0.0
680 0.0
681 0.0
682 0.0
683 0.0
684 0.0
685 0.0
686 0.0
687 0.0
688 0.0
689 0.0
690 0.0
691 0.0
692 0.0
693 0.0
694 0.0
695 0.0
696 0.0
697 0.0
698 0.0
699 0.0
700 0.0
701 0.0
702 0.0
703 0.0
704 0.0
705 0.0
706 0.0
707 0.0
708 0.0
709 0.0
710 0.0
711 0.0
712 0.0
713 0.0
714 0.0
715 0.01
716 0.01
717 0.01
718 0.01
719 0.01
720 0.02
721 0.02
722 0.02
723 0.02
724 0.02
725 0.02
726 0.02
727 0.02
728 0.02
729 0.02
730 0.02
731 0.02
732 0.02
733 0.02
734 0.02
735 0.02
736 0.02
737 0.02
738 0.02
739 0.02
740 0.02
741 0.02
742 0.02
743 0.02
744 0.02
745 0.02
746 0.02
747 0.02
748 0.02
749 0.02
750 0.02
751 0.02
752 0.02
753 0.02
754 0.02
755 0.02
756 0.02
757 0.02
758 0.02
759 0.02
760 0.02
761 0.02
762 0.02
763 0.02
764 0.02
765 0.02
766 0.02
767 0.02
768 0.02
769 0.02
770 0.02
771 0.02
772 0.02
773 0.02
774 0.02
775 0.02
776 0.02
777 0.02
778 0.02
779 0.02
780 0.02
781 0.02
782 0.02
783 0.02
784 0.02
785 0.02
786 0.02
787 0.02
788 0.02
789 0.02
790 0.02
791 0.02
792 0.02
793 0.02
794 0.02
795 0.02
796 0.02
797 0.02
798 0.03
799 0.03
800 0.03
801 0.03
802 0.04
803 0.05
804 0.05
805 0.05
806 0.05
807 0.05
808 0.05
809 0.05
810 0.05
811 0.05
812 0.05
813 0.05
814 0.05
815 0.05
816 0.06
817 0.07
818 0.07
819 0.07
820 0.06
821 0.06
822 0.06
823 0.06
824 0.06
825 0.06
826 0.06
827 0.06
828 0.06
829 0.07
830 0.08
831 0.08
832 0.08
833 0.08
834 0.08
835 0.08
836 0.08
837 0.08
838 0.08
839 0.08
840 0.08
841 0.08
842 0.08
843 0.08
844 0.08
845 0.08
846 0.08
847 0.08
848 0.08
849 0.08
850 0.08
851 0.08
852 0.08
853 0.08
854 0.08
855 0.08
856 0.08
857 0.08
858 0.08
859 0.08
860 0.09
861 0.09
862 0.09
863 0.09
864 0.09
865 0.09
866 0.09
867 0.09
868 0.09
869 0.09
870 0.09
871 0.09
872 0.1
873 0.1
874 0.1
875 0.1
876 0.1
877 0.11
878 0.11
879 0.11
880 0.11
881 0.11
882 0.11
883 0.11
884 0.11
885 0.11
886 0.11
887 0.12
888 0.12
889 0.12
890 0.12
891 0.12
892 0.13
893 0.14
894 0.14
895 0.14
896 0.14
897 0.14
898 0.13
899 0.13
900 0.13
901 0.13
902 0.13
903 0.13
904 0.13
905 0.13
906 0.13
907 0.13
908 0.13
909 0.13
910 0.14
911 0.15
912 0.16
913 0.16
914 0.16
915 0.15
916 0.14
917 0.14
918 0.15
919 0.15
920 0.15
921 0.15
922 0.15
923 0.15
924 0.15
925 0.15
926 0.15
927 0.15
928 0.15
929 0.14
930 0.13
931 0.13
932 0.13
933 0.13
934 0.14
935 0.15
936 0.15
937 0.15
938 0.15
939 0.16
940 0.16
941 0.16
942 0.17
943 0.18
944 0.18
945 0.19
946 0.2
947 0.21
948 0.21
949 0.21
950 0.22
951 0.23
952 0.24
953 0.24
954 0.24
955 0.24
956 0.25
957 0.25
958 0.25
959 0.26
960 0.25
961 0.25
962 0.25
963 0.25
964 0.25
965 0.26
966 0.27
967 0.27
968 0.27
969 0.27
970 0.27
971 0.27
972 0.27
973 0.27
974 0.27
975 0.28
976 0.28
977 0.28
978 0.28
979 0.28
980 0.28
981 0.28
982 0.28
983 0.28
984 0.28
985 0.29
986 0.29
987 0.28
988 0.29
989 0.3
990 0.3
991 0.3
992 0.3
993 0.3
994 0.3
995 0.3
996 0.31
997 0.31
998 0.32
999 0.32
1000 0.32
1001 0.32
1002 0.31
1003 0.3
1004 0.3
1005 0.3
1006 0.3
1007 0.3
1008 0.31
1009 0.31
1010 0.3
1011 0.29
1012 0.28
1013 0.28
1014 0.28
1015 0.28
1016 0.28
1017 0.27
1018 0.26
1019 0.26
1020 0.27
1021 0.28
1022 0.28
1023 0.28
1024 0.28
1025 0.28
1026 0.28
1027 0.28
1028 0.28
1029 0.28
1030 0.29
1031 0.29
1032 0.3
1033 0.3
1034 0.29
1035 0.28
1036 0.28
1037 0.28
1038 0.28
1039 0.27
1040 0.28
1041 0.28
1042 0.27
1043 0.26
1044 0.26
1045 0.26
1046 0.25
1047 0.25
1048 0.25
1049 0.25
1050 0.24
1051 0.24
1052 0.24
1053 0.25
1054 0.25
1055 0.25
1056 0.24
1057 0.24
1058 0.25
1059 0.25
1060 0.25
1061 0.25
1062 0.25
1063 0.25
1064 0.26
1065 0.25
1066 0.24
1067 0.25
1068 0.26
1069 0.27
1070 0.28
1071 0.29
1072 0.28
1073 0.28
1074 0.28
1075 0.28
1076 0.29
1077 0.29
1078 0.3
1079 0.31
1080 0.31
1081 0.31
1082 0.31
1083 0.32
1084 0.32
1085 0.31
1086 0.31
1087 0.31
1088 0.3
1089 0.29
1090 0.29
1091 0.29
1092 0.29
1093 0.28
1094 0.28
1095 0.28
1096 0.27
1097 0.27
1098 0.26
1099 0.27
1100 0.27
1101 0.28
1102 0.28
1103 0.29
1104 0.29
1105 0.29
1106 0.3
1107 0.31
1108 0.3
1109 0.31
1110 0.31
1111 0.31
1112 0.32
1113 0.32
1114 0.32
1115 0.33
1116 0.33
1117 0.33
1118 0.34
1119 0.34
1120 0.33
1121 0.32
1122 0.32
1123 0.33
1124 0.34
1125 0.34
1126 0.34
1127 0.35
1128 0.35
1129 0.35
1130 0.34
1131 0.35
1132 0.34
1133 0.35
1134 0.35
1135 0.36
1136 0.36
1137 0.37
1138 0.37
1139 0.37
1140 0.36
1141 0.37
1142 0.38
1143 0.38
1144 0.39
1145 0.39
1146 0.39
1147 0.39
1148 0.4
1149 0.4
1150 0.41
1151 0.41
1152 0.4
1153 0.39
1154 0.39
1155 0.4
1156 0.4
1157 0.4
1158 0.4
1159 0.4
1160 0.4
1161 0.4
1162 0.4
1163 0.4
1164 0.39
1165 0.39
1166 0.4
1167 0.39
1168 0.38
1169 0.38
1170 0.37
1171 0.36
1172 0.36
1173 0.36
1174 0.37
1175 0.36
1176 0.35
1177 0.34
1178 0.34
1179 0.33
1180 0.34
1181 0.34
1182 0.34
1183 0.33
1184 0.33
1185 0.34
1186 0.34
1187 0.34
1188 0.34
1189 0.35
1190 0.35
1191 0.35
1192 0.35
1193 0.36
1194 0.36
1195 0.36
1196 0.36
1197 0.37
1198 0.37
1199 0.37
1200 0.37
1201 0.36
1202 0.36
1203 0.36
1204 0.37
1205 0.37
1206 0.36
1207 0.36
1208 0.37
1209 0.37
1210 0.38
1211 0.38
1212 0.37
1213 0.37
1214 0.37
1215 0.36
1216 0.36
1217 0.36
1218 0.36
1219 0.37
1220 0.38
1221 0.38
1222 0.38
1223 0.37
1224 0.36
1225 0.36
1226 0.36
1227 0.35
1228 0.35
1229 0.35
1230 0.35
1231 0.35
1232 0.35
1233 0.34
1234 0.35
1235 0.34
1236 0.34
1237 0.33
1238 0.33
1239 0.34
1240 0.34
1241 0.33
1242 0.32
1243 0.32
1244 0.31
1245 0.3
1246 0.3
1247 0.29
1248 0.28
1249 0.28
1250 0.27
1251 0.26
1252 0.26
1253 0.26
1254 0.26
1255 0.25
1256 0.25
1257 0.25
1258 0.24
1259 0.23
1260 0.23
1261 0.23
1262 0.23
1263 0.23
1264 0.23
1265 0.23
1266 0.22
1267 0.22
1268 0.22
1269 0.22
1270 0.22
1271 0.23
1272 0.24
1273 0.25
1274 0.24
1275 0.25
1276 0.25
1277 0.25
1278 0.24
1279 0.24
1280 0.23
1281 0.24
1282 0.24
1283 0.25
1284 0.25
1285 0.24
1286 0.25
1287 0.25
1288 0.26
1289 0.26
1290 0.26
1291 0.27
1292 0.26
1293 0.25
1294 0.25
1295 0.25
1296 0.25
1297 0.24
1298 0.24
1299 0.23
1300 0.23
1301 0.24
1302 0.25
1303 0.25
1304 0.24
1305 0.24
1306 0.24
1307 0.23
1308 0.23
1309 0.22
1310 0.21
1311 0.22
1312 0.23
1313 0.23
1314 0.24
1315 0.24
1316 0.24
1317 0.25
1318 0.24
1319 0.23
1320 0.23
1321 0.24
1322 0.24
1323 0.24
1324 0.24
1325 0.25
1326 0.25
1327 0.25
1328 0.25
1329 0.26
1330 0.26
1331 0.25
1332 0.25
1333 0.25
1334 0.25
1335 0.25
1336 0.26
1337 0.26
1338 0.27
1339 0.27
1340 0.28
1341 0.28
1342 0.29
1343 0.29
1344 0.29
1345 0.29
1346 0.3
1347 0.31
1348 0.31
1349 0.31
1350 0.31
1351 0.31
1352 0.31
1353 0.31
1354 0.31
1355 0.32
1356 0.33
1357 0.33
1358 0.33
1359 0.33
1360 0.33
1361 0.33
1362 0.34
1363 0.34
1364 0.35
1365 0.35
1366 0.36
1367 0.36
1368 0.36
1369 0.35
1370 0.35
1371 0.34
1372 0.34
1373 0.34
1374 0.35
1375 0.34
1376 0.34
1377 0.35
1378 0.36
1379 0.37
1380 0.37
1381 0.37
1382 0.37
1383 0.36
1384 0.36
1385 0.37
1386 0.36
1387 0.36
1388 0.35
1389 0.34
1390 0.34
1391 0.33
1392 0.34
1393 0.34
1394 0.34
1395 0.35
1396 0.36
1397 0.36
1398 0.36
1399 0.37
1400 0.37
1401 0.37
1402 0.37
1403 0.36
1404 0.36
1405 0.36
1406 0.36
1407 0.36
1408 0.36
1409 0.36
1410 0.36
1411 0.35
1412 0.34
1413 0.34
1414 0.33
1415 0.33
1416 0.33
1417 0.32
1418 0.32
1419 0.32
1420 0.32
1421 0.31
1422 0.32
1423 0.32
1424 0.33
1425 0.33
1426 0.33
1427 0.33
1428 0.33
1429 0.32
1430 0.32
1431 0.32
1432 0.33
1433 0.33
1434 0.32
1435 0.32
1436 0.31
1437 0.32
1438 0.31
1439 0.3
1440 0.29
1441 0.29
1442 0.28
1443 0.28
1444 0.28
1445 0.29
1446 0.28
1447 0.27
1448 0.27
1449 0.27
1450 0.27
1451 0.27
1452 0.27
1453 0.28
1454 0.28
1455 0.27
1456 0.26
1457 0.26
1458 0.26
1459 0.26
1460 0.26
1461 0.26
1462 0.25
1463 0.26
1464 0.25
1465 0.25
1466 0.24
1467 0.24
1468 0.24
1469 0.24
1470 0.24
1471 0.24
1472 0.23
1473 0.22
1474 0.21
1475 0.21
1476 0.21
1477 0.2
1478 0.19
1479 0.18
1480 0.18
1481 0.17
1482 0.18
1483 0.18
1484 0.18
1485 0.17
1486 0.17
1487 0.18
1488 0.18
1489 0.18
1490 0.18
1491 0.18
1492 0.17
1493 0.17
1494 0.18
1495 0.17
1496 0.16
1497 0.16
1498 0.16
1499 0.15
1500 0.15
1501 0.14
1502 0.14
1503 0.14
1504 0.15
1505 0.15
1506 0.16
1507 0.17
1508 0.17
1509 0.17
1510 0.17
1511 0.18
1512 0.18
1513 0.18
1514 0.18
1515 0.18
1516 0.18
1517 0.18
1518 0.18
1519 0.19
1520 0.18
1521 0.18
1522 0.17
1523 0.18
1524 0.17
1525 0.17
1526 0.17
1527 0.17
1528 0.17
1529 0.18
1530 0.18
1531 0.19
1532 0.18
1533 0.18
1534 0.18
1535 0.18
1536 0.18
1537 0.17
1538 0.17
1539 0.17
1540 0.17
1541 0.17
1542 0.17
1543 0.18
1544 0.18
1545 0.18
1546 0.18
1547 0.18
1548 0.19
1549 0.19
1550 0.2
1551 0.21
1552 0.21
1553 0.21
1554 0.21
1555 0.21
1556 0.22
1557 0.23
1558 0.23
1559 0.23
1560 0.23
1561 0.24
1562 0.24
1563 0.24
1564 0.24
1565 0.24
1566 0.24
1567 0.24
1568 0.25
1569 0.26
1570 0.27
1571 0.28
1572 0.28
1573 0.28
1574 0.29
1575 0.29
1576 0.29
1577 0.29
1578 0.29
1579 0.29
1580 0.29
1581 0.3
1582 0.3
1583 0.31
1584 0.31
1585 0.32
1586 0.32
1587 0.31
1588 0.31
1589 0.31
1590 0.32
1591 0.32
1592 0.32
1593 0.32
1594 0.31
1595 0.31
1596 0.31
1597 0.31
1598 0.32
1599 0.32
1600 0.32
1601 0.32
1602 0.31
1603 0.31
1604 0.31
1605 0.31
1606 0.3
1607 0.29
1608 0.29
1609 0.3
1610 0.3
1611 0.29
1612 0.29
1613 0.3
1614 0.3
1615 0.3
1616 0.3
1617 0.3
1618 0.3
1619 0.29
1620 0.29
1621 0.29
1622 0.29
1623 0.28
1624 0.29
1625 0.29
1626 0.3
1627 0.3
1628 0.3
1629 0.29
1630 0.29
1631 0.29
1632 0.29
1633 0.29
1634 0.29
1635 0.29
1636 0.29
1637 0.29
1638 0.29
1639 0.29
1640 0.29
1641 0.29
1642 0.29
1643 0.28
1644 0.28
1645 0.27
1646 0.27
1647 0.27
1648 0.26
1649 0.26
1650 0.25
1651 0.24
1652 0.24
1653 0.23
1654 0.23
1655 0.23
1656 0.22
1657 0.21
1658 0.21
1659 0.21
1660 0.21
1661 0.2
1662 0.2
1663 0.19
1664 0.19
1665 0.19
1666 0.19
1667 0.19
1668 0.18
1669 0.17
1670 0.16
1671 0.15
1672 0.15
1673 0.15
1674 0.14
1675 0.14
1676 0.14
1677 0.14
1678 0.14
1679 0.14
1680 0.14
1681 0.13
1682 0.12
1683 0.11
1684 0.11
1685 0.1
1686 0.1
1687 0.1
1688 0.1
1689 0.1
1690 0.09
1691 0.09
1692 0.09
1693 0.09
1694 0.09
1695 0.09
1696 0.1
1697 0.1
1698 0.09
1699 0.09
1700 0.09
1701 0.09
1702 0.09
1703 0.09
1704 0.09
1705 0.1
1706 0.11
1707 0.12
1708 0.11
1709 0.11
1710 0.12
1711 0.12
1712 0.12
1713 0.11
1714 0.11
1715 0.11
1716 0.12
1717 0.13
1718 0.13
1719 0.14
1720 0.15
1721 0.15
1722 0.16
1723 0.16
1724 0.16
1725 0.16
1726 0.15
1727 0.16
1728 0.16
1729 0.17
1730 0.17
1731 0.16
1732 0.16
1733 0.16
1734 0.16
1735 0.16
1736 0.16
1737 0.16
1738 0.16
1739 0.16
1740 0.16
1741 0.16
1742 0.16
1743 0.16
1744 0.16
1745 0.16
1746 0.16
1747 0.17
1748 0.17
1749 0.18
1750 0.18
1751 0.19
1752 0.19
1753 0.19
1754 0.19
1755 0.19
1756 0.19
1757 0.19
1758 0.19
1759 0.19
1760 0.19
1761 0.19
1762 0.19
1763 0.19
1764 0.19
1765 0.19
1766 0.19
1767 0.19
1768 0.19
1769 0.19
1770 0.19
1771 0.19
1772 0.19
1773 0.19
1774 0.19
1775 0.19
1776 0.19
1777 0.19
1778 0.19
1779 0.19
1780 0.19
1781 0.19
1782 0.19
1783 0.19
1784 0.19
1785 0.19
1786 0.19
1787 0.19
1788 0.19
1789 0.19
1790 0.19
1791 0.19
1792 0.19
1793 0.19
1794 0.19
1795 0.19
1796 0.18
1797 0.19
1798 0.19
1799 0.2
1800 0.21
1801 0.22
1802 0.22
1803 0.22
1804 0.22
1805 0.21
1806 0.21
1807 0.2
1808 0.2
1809 0.19
1810 0.18
1811 0.19
1812 0.19
1813 0.19
1814 0.2
1815 0.21
1816 0.2
1817 0.2
1818 0.2
1819 0.2
1820 0.2
1821 0.2
1822 0.2
1823 0.2
1824 0.19
1825 0.19
1826 0.19
1827 0.19
1828 0.19
1829 0.18
1830 0.18
1831 0.18
1832 0.18
1833 0.18
1834 0.19
1835 0.19
1836 0.19
1837 0.2
1838 0.2
1839 0.2
1840 0.2
1841 0.2
1842 0.2
1843 0.2
1844 0.2
1845 0.2
1846 0.2
1847 0.2
1848 0.2
1849 0.2
1850 0.2
1851 0.19
1852 0.2
1853 0.2
1854 0.2
1855 0.2
1856 0.21
1857 0.22
1858 0.23
1859 0.24
1860 0.24
1861 0.25
1862 0.25
1863 0.26
1864 0.27
1865 0.28
1866 0.28
1867 0.28
1868 0.28
1869 0.29
1870 0.29
1871 0.29
1872 0.29
1873 0.29
1874 0.29
1875 0.29
1876 0.3
1877 0.3
1878 0.3
1879 0.3
1880 0.3
1881 0.31
1882 0.32
1883 0.33
1884 0.33
1885 0.34
1886 0.34
1887 0.34
1888 0.34
1889 0.34
1890 0.34
1891 0.34
1892 0.34
1893 0.34
1894 0.34
1895 0.34
1896 0.35
1897 0.34
1898 0.35
1899 0.35
1900 0.35
1901 0.34
1902 0.35
1903 0.36
1904 0.35
1905 0.36
1906 0.35
1907 0.35
1908 0.36
1909 0.36
1910 0.37
1911 0.37
1912 0.37
1913 0.38
1914 0.38
1915 0.38
1916 0.39
1917 0.39
1918 0.4
1919 0.4
1920 0.39
1921 0.39
1922 0.38
1923 0.39
1924 0.39
1925 0.38
1926 0.38
1927 0.38
1928 0.38
1929 0.38
1930 0.39
1931 0.39
1932 0.4
1933 0.4
1934 0.4
1935 0.4
1936 0.41
1937 0.4
1938 0.41
1939 0.41
1940 0.41
1941 0.41
1942 0.41
1943 0.41
1944 0.41
1945 0.41
1946 0.41
1947 0.4
1948 0.4
1949 0.4
1950 0.41
1951 0.41
1952 0.41
1953 0.42
1954 0.43
1955 0.43
1956 0.42
1957 0.41
1958 0.4
1959 0.4
1960 0.4
1961 0.39
1962 0.4
1963 0.39
1964 0.38
1965 0.38
1966 0.39
1967 0.4
1968 0.4
1969 0.39
1970 0.39
1971 0.39
1972 0.39
1973 0.39
1974 0.39
1975 0.39
1976 0.39
1977 0.39
1978 0.39
1979 0.39
1980 0.39
1981 0.38
1982 0.37
1983 0.36
1984 0.36
1985 0.35
1986 0.35
1987 0.35
1988 0.36
1989 0.36
1990 0.36
1991 0.36
1992 0.36
1993 0.36
1994 0.36
1995 0.36
1996 0.36
1997 0.36
1998 0.35
1999 0.34
2000 0.33
2001 0.33
2002 0.32
2003 0.31
2004 0.32
2005 0.32
2006 0.32
2007 0.32
2008 0.31
2009 0.31
2010 0.3
2011 0.29
2012 0.29
2013 0.28
2014 0.27
2015 0.26
2016 0.25
2017 0.24
2018 0.23
2019 0.22
2020 0.22
2021 0.22
2022 0.23
2023 0.22
2024 0.23
2025 0.23
2026 0.23
2027 0.22
2028 0.22
2029 0.22
2030 0.21
2031 0.21
2032 0.2
2033 0.21
2034 0.21
2035 0.21
2036 0.21
2037 0.21
2038 0.2
2039 0.2
2040 0.2
2041 0.2
2042 0.2
2043 0.21
2044 0.21
2045 0.22
2046 0.23
2047 0.23
2048 0.23
2049 0.22
2050 0.22
2051 0.22
2052 0.21
2053 0.2
2054 0.2
2055 0.21
2056 0.21
2057 0.21
2058 0.21
2059 0.2
2060 0.2
2061 0.2
2062 0.19
2063 0.19
2064 0.2
2065 0.19
2066 0.19
2067 0.18
2068 0.18
2069 0.18
2070 0.18
2071 0.19
2072 0.19
2073 0.19
2074 0.19
2075 0.2
2076 0.2
2077 0.21
2078 0.22
2079 0.22
2080 0.23
2081 0.24
2082 0.25
2083 0.26
2084 0.26
2085 0.26
2086 0.27
2087 0.27
2088 0.26
2089 0.26
2090 0.27
2091 0.27
2092 0.28
2093 0.28
2094 0.28
2095 0.28
2096 0.28
2097 0.29
2098 0.3
2099 0.31
2100 0.31
2101 0.31
2102 0.32
2103 0.33
2104 0.33
2105 0.33
2106 0.33
2107 0.34
2108 0.35
2109 0.35
2110 0.35
2111 0.35
2112 0.35
2113 0.36
2114 0.37
2115 0.38
2116 0.38
2117 0.39
2118 0.4
2119 0.41
2120 0.41
2121 0.41
2122 0.41
2123 0.42
2124 0.42
2125 0.42
2126 0.42
2127 0.43
2128 0.44
2129 0.44
2130 0.44
2131 0.44
2132 0.45
2133 0.45
2134 0.45
2135 0.46
2136 0.45
2137 0.46
2138 0.46
2139 0.47
2140 0.48
2141 0.49
2142 0.5
2143 0.49
2144 0.49
2145 0.48
2146 0.48
2147 0.48
2148 0.49
2149 0.49
2150 0.48
2151 0.49
2152 0.49
2153 0.49
2154 0.48
2155 0.47
2156 0.48
2157 0.48
2158 0.48
2159 0.48
2160 0.48
2161 0.48
2162 0.49
2163 0.49
2164 0.48
2165 0.49
2166 0.48
2167 0.48
2168 0.48
2169 0.49
2170 0.49
2171 0.49
2172 0.5
2173 0.5
2174 0.51
2175 0.5
2176 0.49
2177 0.48
2178 0.48
2179 0.48
2180 0.47
2181 0.46
2182 0.45
2183 0.44
2184 0.44
2185 0.45
2186 0.44
2187 0.45
2188 0.45
2189 0.45
2190 0.45
2191 0.45
2192 0.45
2193 0.46
2194 0.46
2195 0.47
2196 0.47
2197 0.46
2198 0.46
2199 0.45
2200 0.45
2201 0.45
2202 0.45
2203 0.44
2204 0.43
2205 0.43
2206 0.43
2207 0.42
2208 0.42
2209 0.42
2210 0.43
2211 0.43
2212 0.44
2213 0.43
2214 0.43
2215 0.42
2216 0.42
2217 0.42
2218 0.41
2219 0.4
2220 0.4
2221 0.4
2222 0.4
2223 0.4
2224 0.4
2225 0.41
2226 0.41
2227 0.4
2228 0.4
2229 0.41
2230 0.41
2231 0.41
2232 0.41
2233 0.4
2234 0.4
2235 0.4
2236 0.4
2237 0.39
2238 0.4
2239 0.4
2240 0.4
2241 0.39
2242 0.38
2243 0.38
2244 0.38
2245 0.38
2246 0.38
2247 0.38
2248 0.38
2249 0.38
2250 0.38
2251 0.38
2252 0.39
2253 0.4
2254 0.4
2255 0.4
2256 0.39
2257 0.39
2258 0.39
2259 0.39
2260 0.39
2261 0.39
2262 0.38
2263 0.39
2264 0.4
2265 0.39
2266 0.39
2267 0.4
2268 0.4
2269 0.4
2270 0.41
2271 0.4
2272 0.4
2273 0.4
2274 0.39
2275 0.4
2276 0.41
2277 0.42
2278 0.42
2279 0.43
2280 0.43
2281 0.44
2282 0.45
2283 0.45
2284 0.45
2285 0.44
2286 0.44
2287 0.43
2288 0.43
2289 0.44
2290 0.44
2291 0.45
2292 0.44
2293 0.43
2294 0.44
2295 0.44
2296 0.43
2297 0.44
2298 0.43
2299 0.43
2300 0.43
2301 0.43
2302 0.42
2303 0.43
2304 0.44
2305 0.43
2306 0.43
2307 0.43
2308 0.43
2309 0.43
2310 0.43
2311 0.44
2312 0.44
2313 0.44
2314 0.43
2315 0.43
2316 0.44
2317 0.43
2318 0.43
2319 0.43
2320 0.43
2321 0.43
2322 0.42
2323 0.42
2324 0.42
2325 0.41
2326 0.41
2327 0.41
2328 0.4
2329 0.39
2330 0.4
2331 0.4
2332 0.39
2333 0.39
2334 0.38
2335 0.37
2336 0.37
2337 0.37
2338 0.36
2339 0.35
2340 0.35
2341 0.36
2342 0.37
2343 0.38
2344 0.39
2345 0.4
2346 0.4
2347 0.4
2348 0.4
2349 0.4
2350 0.4
2351 0.4
2352 0.39
2353 0.38
2354 0.39
2355 0.4
2356 0.4
2357 0.41
2358 0.41
2359 0.42
2360 0.42
2361 0.42
2362 0.42
2363 0.41
2364 0.41
2365 0.41
2366 0.41
2367 0.41
2368 0.41
2369 0.41
2370 0.4
2371 0.4
2372 0.39
2373 0.39
2374 0.39
2375 0.39
2376 0.39
2377 0.39
2378 0.38
2379 0.38
2380 0.39
2381 0.38
2382 0.38
2383 0.38
2384 0.38
2385 0.38
2386 0.38
2387 0.38
2388 0.39
2389 0.39
2390 0.39
2391 0.38
2392 0.38
2393 0.38
2394 0.37
2395 0.36
2396 0.36
2397 0.36
2398 0.36
2399 0.36
2400 0.36
2401 0.36
2402 0.37
2403 0.37
2404 0.36
2405 0.36
2406 0.37
2407 0.38
2408 0.37
2409 0.38
2410 0.38
2411 0.38
2412 0.38
2413 0.38
2414 0.38
2415 0.38
2416 0.38
2417 0.38
2418 0.38
2419 0.38
2420 0.39
2421 0.39
2422 0.39
2423 0.38
2424 0.38
2425 0.39
2426 0.39
2427 0.39
2428 0.39
2429 0.39
2430 0.38
2431 0.38
2432 0.38
2433 0.38
2434 0.38
2435 0.38
2436 0.38
2437 0.38
2438 0.38
2439 0.38
2440 0.37
2441 0.36
2442 0.35
2443 0.34
2444 0.33
2445 0.32
2446 0.32
2447 0.33
2448 0.32
2449 0.33
2450 0.34
2451 0.34
2452 0.35
2453 0.36
2454 0.35
2455 0.34
2456 0.34
2457 0.34
2458 0.34
2459 0.33
2460 0.33
2461 0.33
2462 0.33
2463 0.34
2464 0.33
2465 0.34
2466 0.35
2467 0.35
2468 0.36
2469 0.35
2470 0.36
2471 0.36
2472 0.37
2473 0.37
2474 0.37
2475 0.36
2476 0.35
2477 0.34
2478 0.34
2479 0.33
2480 0.32
2481 0.32
2482 0.31
2483 0.31
2484 0.31
2485 0.31
2486 0.32
2487 0.32
2488 0.32
2489 0.31
2490 0.3
2491 0.31
2492 0.32
2493 0.33
2494 0.34
2495 0.35
2496 0.35
2497 0.34
2498 0.34
2499 0.35
2500 0.36
2501 0.37
2502 0.37
2503 0.36
2504 0.37
2505 0.38
2506 0.38
2507 0.37
2508 0.37
2509 0.36
2510 0.36
2511 0.36
2512 0.36
2513 0.37
2514 0.38
2515 0.38
2516 0.37
2517 0.38
2518 0.38
2519 0.38
2520 0.38
2521 0.38
2522 0.38
2523 0.38
2524 0.38
2525 0.38
2526 0.39
2527 0.4
2528 0.41
2529 0.41
2530 0.42
2531 0.42
2532 0.43
2533 0.44
2534 0.45
2535 0.46
2536 0.46
2537 0.47
2538 0.48
2539 0.49
2540 0.5
2541 0.5
2542 0.51
2543 0.52
2544 0.53
2545 0.54
2546 0.53
2547 0.53
2548 0.54
2549 0.54
2550 0.54
2551 0.54
2552 0.54
2553 0.54
2554 0.55
2555 0.56
2556 0.56
2557 0.56
2558 0.57
2559 0.58
2560 0.59
2561 0.6
2562 0.61
2563 0.61
2564 0.62
2565 0.62
2566 0.61
2567 0.61
2568 0.61
2569 0.62
2570 0.61
2571 0.62
2572 0.61
2573 0.62
2574 0.63
2575 0.64
2576 0.65
2577 0.65
2578 0.66
2579 0.67
2580 0.67
2581 0.68
2582 0.68
2583 0.68
2584 0.68
2585 0.69
2586 0.69
2587 0.69
2588 0.69
2589 0.7
2590 0.7
2591 0.69
2592 0.69
2593 0.69
2594 0.69
2595 0.68
2596 0.69
2597 0.7
2598 0.71
2599 0.7
2600 0.69
2601 0.69
2602 0.68
2603 0.69
2604 0.68
2605 0.67
2606 0.67
2607 0.68
2608 0.68
2609 0.68
2610 0.67
2611 0.66
2612 0.65
2613 0.64
2614 0.63
2615 0.63
2616 0.63
2617 0.62
2618 0.62
2619 0.62
2620 0.62
2621 0.63
2622 0.63
2623 0.63
2624 0.63
2625 0.63
2626 0.62
2627 0.62
2628 0.62
2629 0.62
2630 0.62
2631 0.62
2632 0.62
2633 0.61
2634 0.6
2635 0.59
2636 0.6
2637 0.6
2638 0.59
2639 0.58
2640 0.58
2641 0.59
2642 0.59
2643 0.59
2644 0.58
2645 0.57
2646 0.58
2647 0.58
2648 0.58
2649 0.58
2650 0.58
2651 0.57
2652 0.57
2653 0.57
2654 0.57
2655 0.57
2656 0.58
2657 0.58
2658 0.57
2659 0.56
2660 0.56
2661 0.56
2662 0.55
2663 0.55
2664 0.55
2665 0.54
2666 0.54
2667 0.54
2668 0.54
2669 0.54
2670 0.55
2671 0.54
2672 0.55
2673 0.54
2674 0.53
2675 0.53
2676 0.53
2677 0.54
2678 0.54
2679 0.53
2680 0.54
2681 0.54
2682 0.54
2683 0.54
2684 0.55
2685 0.55
2686 0.55
2687 0.56
2688 0.55
2689 0.54
2690 0.55
2691 0.56
2692 0.56
2693 0.56
2694 0.55
2695 0.56
2696 0.56
2697 0.55
2698 0.54
2699 0.54
2700 0.55
2701 0.54
2702 0.54
2703 0.54
2704 0.55
2705 0.56
2706 0.56
2707 0.56
2708 0.57
2709 0.57
2710 0.58
2711 0.58
2712 0.59
2713 0.6
2714 0.6
2715 0.6
2716 0.61
2717 0.62
2718 0.62
2719 0.62
2720 0.62
2721 0.62
2722 0.62
2723 0.62
2724 0.61
2725 0.6
2726 0.6
2727 0.6
2728 0.6
2729 0.6
2730 0.59
2731 0.6
2732 0.59
2733 0.59
2734 0.6
2735 0.61
2736 0.6
2737 0.6
2738 0.61
2739 0.61
2740 0.61
2741 0.6
2742 0.59
2743 0.58
2744 0.58
2745 0.58
2746 0.58
2747 0.57
2748 0.56
2749 0.56
2750 0.55
2751 0.55
2752 0.54
2753 0.54
2754 0.54
2755 0.54
2756 0.53
2757 0.52
2758 0.52
2759 0.53
2760 0.53
2761 0.53
2762 0.53
2763 0.53
2764 0.52
2765 0.53
2766 0.54
2767 0.53
2768 0.53
2769 0.52
2770 0.52
2771 0.53
2772 0.53
2773 0.54
2774 0.55
2775 0.55
2776 0.55
2777 0.55
2778 0.54
2779 0.55
2780 0.55
2781 0.55
2782 0.55
2783 0.56
2784 0.55
2785 0.55
2786 0.54
2787 0.54
2788 0.55
2789 0.56
2790 0.56
2791 0.55
2792 0.54
2793 0.54
2794 0.54
2795 0.53
2796 0.52
2797 0.52
2798 0.53
2799 0.53
2800 0.52
2801 0.53
2802 0.54
2803 0.54
2804 0.53
2805 0.52
2806 0.51
2807 0.5
2808 0.49
2809 0.49
2810 0.49
2811 0.49
2812 0.48
2813 0.47
2814 0.48
2815 0.49
2816 0.49
2817 0.48
2818 0.49
2819 0.49
2820 0.49
2821 0.48
2822 0.49
2823 0.5
2824 0.5
2825 0.51
2826 0.51
2827 0.5
2828 0.49
2829 0.49
2830 0.5
2831 0.49
2832 0.49
2833 0.5
2834 0.5
2835 0.49
2836 0.49
2837 0.49
2838 0.48
2839 0.48
2840 0.47
2841 0.47
2842 0.48
2843 0.49
2844 0.49
2845 0.49
2846 0.48
2847 0.48
2848 0.48
2849 0.48
2850 0.49
2851 0.5
2852 0.51
2853 0.5
2854 0.49
2855 0.48
2856 0.48
2857 0.48
2858 0.48
2859 0.47
2860 0.46
2861 0.45
2862 0.45
2863 0.44
2864 0.44
2865 0.43
2866 0.42
2867 0.42
2868 0.41
2869 0.41
2870 0.4
2871 0.39
2872 0.39
2873 0.38
2874 0.37
2875 0.36
2876 0.35
2877 0.34
2878 0.34
2879 0.33
2880 0.32
2881 0.32
2882 0.33
2883 0.32
2884 0.32
2885 0.31
2886 0.31
2887 0.3
2888 0.29
2889 0.28
2890 0.27
2891 0.27
2892 0.27
2893 0.26
2894 0.26
2895 0.26
2896 0.27
2897 0.27
2898 0.26
2899 0.26
2900 0.27
2901 0.26
2902 0.26
2903 0.26
2904 0.27
2905 0.28
2906 0.29
2907 0.3
2908 0.31
2909 0.32
2910 0.31
2911 0.32
2912 0.32
2913 0.32
2914 0.31
2915 0.3
2916 0.29
2917 0.29
2918 0.28
2919 0.28
2920 0.27
2921 0.27
2922 0.26
2923 0.26
2924 0.26
2925 0.25
2926 0.25
2927 0.25
2928 0.25
2929 0.25
2930 0.24
2931 0.24
2932 0.24
2933 0.23
2934 0.22
2935 0.22
2936 0.22
2937 0.21
2938 0.21
2939 0.22
2940 0.23
2941 0.24
2942 0.24
2943 0.23
2944 0.23
2945 0.24
2946 0.25
2947 0.26
2948 0.27
2949 0.27
2950 0.27
2951 0.27
2952 0.27
2953 0.27
2954 0.27
2955 0.28
2956 0.28
2957 0.28
2958 0.29
2959 0.29
2960 0.29
2961 0.3
2962 0.3
2963 0.31
2964 0.32
2965 0.32
2966 0.32
2967 0.32
2968 0.32
2969 0.32
2970 0.33
2971 0.34
2972 0.33
2973 0.34
2974 0.35
2975 0.35
2976 0.35
2977 0.35
2978 0.36
2979 0.37
2980 0.37
2981 0.37
2982 0.37
2983 0.38
2984 0.39
2985 0.39
2986 0.4
2987 0.41
2988 0.41
2989 0.42
2990 0.43
2991 0.43
2992 0.43
2993 0.43
2994 0.44
2995 0.44
2996 0.43
2997 0.43
2998 0.43
2999 0.43
3000 0.42
3001 0.42
3002 0.42
3003 0.41
3004 0.41
3005 0.41
3006 0.4
3007 0.39
3008 0.38
3009 0.38
3010 0.38
3011 0.38
3012 0.39
3013 0.39
3014 0.39
3015 0.39
3016 0.39
3017 0.39
3018 0.4
3019 0.41
3020 0.41
3021 0.42
3022 0.42
3023 0.42
3024 0.42
3025 0.43
3026 0.44
3027 0.44
3028 0.44
3029 0.45
3030 0.46
3031 0.47
3032 0.48
3033 0.48
3034 0.48
3035 0.48
3036 0.48
3037 0.48
3038 0.48
3039 0.47
3040 0.46
3041 0.46
3042 0.45
3043 0.45
3044 0.46
3045 0.45
3046 0.44
3047 0.44
3048 0.43
3049 0.42
3050 0.41
3051 0.4
3052 0.39
3053 0.4
3054 0.41
3055 0.4
3056 0.41
3057 0.41
3058 0.4
3059 0.41
3060 0.42
3061 0.42
3062 0.43
3063 0.43
3064 0.43
3065 0.43
3066 0.44
3067 0.44
3068 0.44
3069 0.44
3070 0.44
3071 0.44
3072 0.44
3073 0.43
3074 0.42
3075 0.43
3076 0.44
3077 0.45
3078 0.45
3079 0.45
3080 0.45
3081 0.45
3082 0.45
3083 0.44
3084 0.43
3085 0.43
3086 0.42
3087 0.41
3088 0.41
3089 0.4
3090 0.4
3091 0.41
3092 0.42
3093 0.43
3094 0.43
3095 0.43
3096 0.44
3097 0.45
3098 0.45
3099 0.45
3100 0.46
3101 0.46
3102 0.46
3103 0.47
3104 0.47
3105 0.46
3106 0.46
3107 0.47
3108 0.48
3109 0.47
3110 0.47
3111 0.46
3112 0.46
3113 0.47
3114 0.47
3115 0.47
3116 0.47
3117 0.47
3118 0.47
3119 0.47
3120 0.48
3121 0.48
3122 0.48
3123 0.47
3124 0.48
3125 0.48
3126 0.47
3127 0.47
3128 0.47
3129 0.47
3130 0.47
3131 0.46
3132 0.46
3133 0.47
3134 0.48
3135 0.49
3136 0.49
3137 0.49
3138 0.5
3139 0.5
3140 0.51
3141 0.5
3142 0.5
3143 0.51
3144 0.5
3145 0.5
3146 0.51
3147 0.5
3148 0.51
3149 0.52
3150 0.52
3151 0.52
3152 0.52
3153 0.51
3154 0.51
3155 0.52
3156 0.52
3157 0.52
3158 0.53
3159 0.53
3160 0.53
3161 0.53
3162 0.52
3163 0.51
3164 0.5
3165 0.51
3166 0.51
3167 0.52
3168 0.53
3169 0.54
3170 0.53
3171 0.52
3172 0.53
3173 0.53
3174 0.53
3175 0.53
3176 0.53
3177 0.53
3178 0.52
3179 0.51
3180 0.52
3181 0.52
3182 0.52
3183 0.52
3184 0.52
3185 0.52
3186 0.53
3187 0.54
3188 0.55
3189 0.55
3190 0.55
3191 0.54
3192 0.53
3193 0.52
3194 0.51
3195 0.52
3196 0.51
3197 0.51
3198 0.51
3199 0.51
3200 0.51
3201 0.51
3202 0.51
3203 0.51
3204 0.5
3205 0.5
3206 0.5
3207 0.5
3208 0.5
3209 0.51
3210 0.52
3211 0.53
3212 0.53
3213 0.52
3214 0.53
3215 0.53
3216 0.53
3217 0.54
3218 0.53
3219 0.52
3220 0.51
3221 0.5
3222 0.51
3223 0.52
3224 0.51
3225 0.51
3226 0.52
3227 0.53
3228 0.53
3229 0.53
3230 0.52
3231 0.52
3232 0.52
3233 0.51
3234 0.5
3235 0.49
3236 0.49
3237 0.49
3238 0.48
3239 0.49
3240 0.48
3241 0.48
3242 0.48
3243 0.47
3244 0.47
3245 0.47
3246 0.46
3247 0.47
3248 0.46
3249 0.46
3250 0.47
3251 0.48
3252 0.49
3253 0.5
3254 0.49
3255 0.48
3256 0.48
3257 0.48
3258 0.47
3259 0.47
3260 0.47
3261 0.46
3262 0.47
3263 0.47
3264 0.47
3265 0.47
3266 0.46
3267 0.46
3268 0.46
3269 0.46
3270 0.46
3271 0.47
3272 0.46
3273 0.46
3274 0.47
3275 0.47
3276 0.47
3277 0.47
3278 0.48
3279 0.49
3280 0.48
3281 0.47
3282 0.47
3283 0.48
3284 0.48
3285 0.48
3286 0.48
3287 0.48
3288 0.48
3289 0.49
3290 0.48
3291 0.48
3292 0.48
3293 0.48
3294 0.48
3295 0.47
3296 0.47
3297 0.46
3298 0.46
3299 0.46
3300 0.45
3301 0.45
3302 0.44
3303 0.43
3304 0.43
3305 0.43
3306 0.43
3307 0.42
3308 0.41
3309 0.4
3310 0.39
3311 0.38
3312 0.37
3313 0.37
3314 0.36
3315 0.36
3316 0.36
3317 0.35
3318 0.35
3319 0.35
3320 0.35
3321 0.36
3322 0.35
3323 0.34
3324 0.34
3325 0.33
3326 0.32
3327 0.31
3328 0.31
3329 0.3
3330 0.3
3331 0.3
3332 0.29
3333 0.3
3334 0.3
3335 0.3
3336 0.3
3337 0.3
3338 0.31
3339 0.31
3340 0.31
3341 0.32
3342 0.32
3343 0.33
3344 0.34
3345 0.34
3346 0.34
3347 0.34
3348 0.35
3349 0.35
3350 0.35
3351 0.34
3352 0.33
3353 0.33
3354 0.34
3355 0.34
3356 0.33
3357 0.33
3358 0.33
3359 0.32
3360 0.31
3361 0.31
3362 0.3
3363 0.3
3364 0.3
3365 0.3
3366 0.3
3367 0.3
3368 0.29
3369 0.28
3370 0.29
3371 0.28
3372 0.28
3373 0.29
3374 0.29
3375 0.29
3376 0.29
3377 0.28
3378 0.28
3379 0.27
3380 0.27
3381 0.28
3382 0.28
3383 0.28
3384 0.28
3385 0.29
3386 0.28
3387 0.27
3388 0.27
3389 0.27
3390 0.28
3391 0.29
3392 0.29
3393 0.3
3394 0.31
3395 0.32
3396 0.32
3397 0.32
3398 0.32
3399 0.32
3400 0.32
3401 0.33
3402 0.34
3403 0.34
3404 0.35
3405 0.36
3406 0.36
3407 0.37
3408 0.38
3409 0.39
3410 0.4
3411 0.4
3412 0.41
3413 0.42
3414 0.43
3415 0.43
3416 0.44
3417 0.45
3418 0.46
3419 0.47
3420 0.47
3421 0.47
3422 0.47
3423 0.47
3424 0.48
3425 0.48
3426 0.48
3427 0.49
3428 0.49
3429 0.5
3430 0.51
3431 0.52
3432 0.53
3433 0.52
3434 0.53
3435 0.54
3436 0.55
3437 0.55
3438 0.55
3439 0.55
3440 0.56
3441 0.56
3442 0.57
3443 0.57
3444 0.56
3445 0.57
3446 0.57
3447 0.56
3448 0.55
3449 0.54
3450 0.53
3451 0.53
3452 0.53
3453 0.52
3454 0.51
3455 0.52
3456 0.53
3457 0.54
3458 0.54
3459 0.54
3460 0.54
3461 0.54
3462 0.55
3463 0.56
3464 0.56
3465 0.56
3466 0.57
3467 0.57
3468 0.57
3469 0.57
3470 0.57
3471 0.58
3472 0.58
3473 0.58
3474 0.58
3475 0.58
3476 0.57
3477 0.58
3478 0.58
3479 0.59
3480 0.6
3481 0.6
3482 0.59
3483 0.58
3484 0.58
3485 0.58
3486 0.59
3487 0.6
3488 0.59
3489 0.58
3490 0.57
3491 0.56
3492 0.56
3493 0.55
3494 0.54
3495 0.54
3496 0.54
3497 0.55
3498 0.55
3499 0.55
3500 0.56
3501 0.55
3502 0.55
3503 0.55
3504 0.54
3505 0.53
3506 0.54
3507 0.53
3508 0.53
3509 0.52
3510 0.52
3511 0.52
3512 0.51
3513 0.5
3514 0.49
3515 0.5
3516 0.5
3517 0.49
3518 0.48
3519 0.47
3520 0.47
3521 0.46
3522 0.46
3523 0.46
3524 0.45
3525 0.45
3526 0.45
3527 0.44
3528 0.44
3529 0.43
3530 0.42
3531 0.41
3532 0.4
3533 0.4
3534 0.39
3535 0.38
3536 0.37
3537 0.37
3538 0.36
3539 0.35
3540 0.34
3541 0.33
3542 0.32
3543 0.31
3544 0.31
3545 0.3
3546 0.3
3547 0.3
3548 0.3
3549 0.3
3550 0.3
3551 0.3
3552 0.3
3553 0.31
3554 0.31
3555 0.3
3556 0.29
3557 0.28
3558 0.28
3559 0.28
3560 0.28
3561 0.28
3562 0.27
3563 0.26
3564 0.26
3565 0.25
3566 0.24
3567 0.24
3568 0.24
3569 0.25
3570 0.24
3571 0.24
3572 0.24
3573 0.24
3574 0.24
3575 0.24
3576 0.24
3577 0.23
3578 0.22
3579 0.22
3580 0.22
3581 0.21
3582 0.21
3583 0.22
3584 0.23
3585 0.22
3586 0.22
3587 0.22
3588 0.23
3589 0.23
3590 0.24
3591 0.25
3592 0.26
3593 0.26
3594 0.26
3595 0.25
3596 0.26
3597 0.26
3598 0.26
3599 0.26
3600 0.26
3601 0.27
3602 0.27
3603 0.28
3604 0.29
3605 0.29
3606 0.29
3607 0.3
3608 0.29
3609 0.3
3610 0.3
3611 0.31
3612 0.31
3613 0.32
3614 0.32
3615 0.31
3616 0.31
3617 0.31
3618 0.31
3619 0.32
3620 0.32
3621 0.32
3622 0.32
3623 0.32
3624 0.32
3625 0.32
3626 0.32
3627 0.32
3628 0.32
3629 0.32
3630 0.32
3631 0.32
3632 0.32
3633 0.32
3634 0.32
3635 0.32
3636 0.32
3637 0.32
3638 0.32
3639 0.32
3640 0.32
3641 0.32
3642 0.32
3643 0.32
3644 0.32
3645 0.32
3646 0.33
3647 0.34
3648 0.35
3649 0.35
3650 0.35
3651 0.35
3652 0.35
3653 0.34
3654 0.35
3655 0.36
3656 0.37
3657 0.38
3658 0.39
3659 0.4
3660 0.4
3661 0.41
3662 0.42
3663 0.43
3664 0.43
3665 0.44
3666 0.45
3667 0.45
3668 0.46
3669 0.46
3670 0.46
3671 0.46
3672 0.47
3673 0.46
3674 0.45
3675 0.44
3676 0.44
3677 0.44
3678 0.44
3679 0.43
3680 0.43
3681 0.43
3682 0.43
3683 0.42
3684 0.42
3685 0.42
3686 0.42
3687 0.42
3688 0.42
3689 0.42
3690 0.41
3691 0.4
3692 0.39
3693 0.39
3694 0.4
3695 0.41
3696 0.41
3697 0.4
3698 0.41
3699 0.41
3700 0.41
3701 0.41
3702 0.41
3703 0.41
3704 0.41
3705 0.41
3706 0.41
3707 0.41
3708 0.41
3709 0.41
3710 0.41
3711 0.4
3712 0.4
3713 0.39
3714 0.4
3715 0.41
3716 0.41
3717 0.42
3718 0.42
3719 0.41
3720 0.41
3721 0.41
3722 0.42
3723 0.42
3724 0.43
3725 0.43
3726 0.43
3727 0.44
3728 0.44
3729 0.44
3730 0.44
3731 0.45
3732 0.46
3733 0.47
3734 0.47
3735 0.47
3736 0.47
3737 0.48
3738 0.48
3739 0.48
3740 0.48
3741 0.48
3742 0.48
3743 0.49
3744 0.49
3745 0.49
3746 0.48
3747 0.48
3748 0.47
3749 0.47
3750 0.47
3751 0.48
3752 0.48
3753 0.48
3754 0.47
3755 0.46
3756 0.45
3757 0.44
3758 0.43
3759 0.42
3760 0.42
3761 0.41
3762 0.41
3763 0.41
3764 0.42
3765 0.42
3766 0.42
3767 0.42
3768 0.42
3769 0.42
3770 0.43
3771 0.42
3772 0.42
3773 0.43
3774 0.43
3775 0.43
3776 0.43
3777 0.43
3778 0.43
3779 0.43
3780 0.42
3781 0.42
3782 0.42
3783 0.42
3784 0.41
3785 0.41
3786 0.41
3787 0.4
3788 0.4
3789 0.41
3790 0.42
3791 0.43
3792 0.43
3793 0.43
3794 0.42
3795 0.41
3796 0.41
3797 0.41
3798 0.4
3799 0.4
3800 0.4
3801 0.4
3802 0.39
3803 0.38
3804 0.38
3805 0.39
3806 0.38
3807 0.37
3808 0.37
3809 0.36
3810 0.35
3811 0.35
3812 0.35
3813 0.35
3814 0.35
3815 0.34
3816 0.34
3817 0.34
3818 0.35
3819 0.35
3820 0.36
3821 0.37
3822 0.36
3823 0.37
3824 0.36
3825 0.36
3826 0.37
3827 0.37
3828 0.38
3829 0.39
3830 0.39
3831 0.38
3832 0.38
3833 0.38
3834 0.38
3835 0.38
3836 0.38
3837 0.37
3838 0.37
3839 0.38
3840 0.38
3841 0.38
3842 0.38
3843 0.37
3844 0.37
3845 0.37
3846 0.37
3847 0.36
3848 0.36
3849 0.36
3850 0.36
3851 0.35
3852 0.35
3853 0.36
3854 0.36
3855 0.36
3856 0.36
3857 0.36
3858 0.36
3859 0.37
3860 0.38
3861 0.39
3862 0.38
3863 0.37
3864 0.36
3865 0.35
3866 0.35
3867 0.34
3868 0.34
3869 0.33
3870 0.32
3871 0.33
3872 0.33
3873 0.32
3874 0.33
3875 0.33
3876 0.33
3877 0.34
3878 0.35
3879 0.35
3880 0.35
3881 0.35
3882 0.35
3883 0.36
3884 0.36
3885 0.37
3886 0.36
3887 0.36
3888 0.35
3889 0.34
3890 0.34
3891 0.34
3892 0.35
3893 0.36
3894 0.36
3895 0.36
3896 0.35
3897 0.35
3898 0.35
3899 0.36
3900 0.36
3901 0.36
3902 0.37
3903 0.37
3904 0.37
3905 0.37
3906 0.37
3907 0.38
3908 0.39
3909 0.39
3910 0.4
3911 0.41
3912 0.41
3913 0.41
3914 0.4
3915 0.4
3916 0.39
3917 0.38
3918 0.38
3919 0.39
3920 0.39
3921 0.39
3922 0.39
3923 0.38
3924 0.39
3925 0.4
3926 0.4
3927 0.4
3928 0.4
3929 0.39
3930 0.4
3931 0.4
3932 0.4
3933 0.39
3934 0.4
3935 0.41
3936 0.41
3937 0.41
3938 0.42
3939 0.42
3940 0.43
3941 0.43
3942 0.44
3943 0.45
3944 0.46
3945 0.46
3946 0.46
3947 0.47
3948 0.47
3949 0.48
3950 0.48
3951 0.49
3952 0.49
3953 0.49
3954 0.5
3955 0.5
3956 0.5
3957 0.5
3958 0.5
3959 0.5
3960 0.49
3961 0.48
3962 0.48
3963 0.48
3964 0.48
3965 0.48
3966 0.47
3967 0.47
3968 0.46
3969 0.46
3970 0.46
3971 0.45
3972 0.44
3973 0.44
3974 0.43
3975 0.43
3976 0.43
3977 0.42
3978 0.41
3979 0.42
3980 0.43
3981 0.43
3982 0.43
3983 0.42
3984 0.42
3985 0.41
3986 0.41
3987 0.41
