1 0
2 0
3 0
4 0
5 0
6 0
7 0
8 0
9 0
10 0
11 0
12 0
13 0
14 0
15 0
16 0
17 0
18 0
19 0
20 0
21 0
22 0
23 0
24 0
25 0
26 0
27 0
28 0
29 0
30 0
31 0
32 0
33 0
34 0
35 0
36 0
37 0
38 0
39 0
40 0
41 0
42 0
43 0
44 0
45 0
46 0
47 0
48 0
49 0
50 0
51 0
52 0
53 0
54 0
55 0
56 0
57 0
58 0
59 0
60 0
61 0
62 0
63 0
64 0
65 0
66 0
67 0
68 0
69 0
70 0
71 0
72 0
73 0
74 0
75 0
76 0
77 0
78 0
79 0
80 0
81 0
82 0
83 0
84 0
85 0
86 0
87 0
88 0
89 0
90 0
91 0
92 0
93 0
94 0
95 0
96 0
97 0
98 0
99 0
100 0
101 0.0
102 0.0
103 0.0
104 0.0
105 0.0
106 0.0
107 0.0
108 0.0
109 0.0
110 0.0
111 0.0
112 0.0
113 0.0
114 0.0
115 0.0
116 0.0
117 0.0
118 0.0
119 0.0
120 0.0
121 0.0
122 0.0
123 0.0
124 0.0
125 0.0
126 0.0
127 0.0
128 0.0
129 0.0
130 0.0
131 0.0
132 0.0
133 0.0
134 0.0
135 0.0
136 0.0
137 0.0
138 0.0
139 0.0
140 0.0
141 0.0
142 0.0
143 0.0
144 0.0
145 0.0
146 0.0
147 0.0
148 0.0
149 0.0
150 0.0
151 0.0
152 0.0
153 0.0
154 0.0
155 0.0
156 0.0
157 0.0
158 0.0
159 0.0
160 0.0
161 0.0
162 0.0
163 0.0
164 0.0
165 0.0
166 0.0
167 0.0
168 0.0
169 0.0
170 0.0
171 0.0
172 0.0
173 0.0
174 0.0
175 0.0
176 0.0
177 0.0
178 0.0
179 0.0
180 0.0
181 0.0
182 0.0
183 0.0
184 0.0
185 0.0
186 0.0
187 0.0
188 0.0
189 0.0
190 0.0
191 0.0
192 0.0
193 0.0
194 0.0
195 0.0
196 0.0
197 0.01
198 0.01
199 0.01
200 0.01
201 0.01
202 0.01
203 0.01
204 0.01
205 0.01
206 0.01
207 0.01
208 0.01
209 0.01
210 0.01
211 0.01
212 0.01
213 0.01
214 0.01
215 0.01
216 0.01
217 0.01
218 0.01
219 0.01
220 0.02
221 0.02
222 0.02
223 0.02
224 0.02
225 0.02
226 0.02
227 0.03
228 0.03
229 0.03
230 0.03
231 0.03
232 0.03
233 0.03
234 0.03
235 0.03
236 0.03
237 0.03
238 0.03
239 0.03
240 0.03
241 0.03
242 0.03
243 0.03
244 0.03
245 0.03
246 0.04
247 0.04
248 0.04
249 0.04
250 0.04
251 0.04
252 0.04
253 0.04
254 0.04
255 0.04
256 0.04
257 0.04
258 0.04
259 0.04
260 0.04
261 0.04
262 0.04
263 0.04
264 0.04
265 0.04
266 0.04
267 0.04
268 0.04
269 0.05
270 0.05
271 0.05
272 0.05
273 0.05
274 0.05
275 0.05
276 0.05
277 0.05
278 0.05
279 0.05
280 0.05
281 0.06
282 0.06
283 0.06
284 0.06
285 0.06
286 0.06
287 0.07
288 0.07
289 0.07
290 0.07
291 0.07
292 0.07
293 0.07
294 0.07
295 0.07
296 0.07
297 0.06
298 0.06
299 0.06
300 0.06
301 0.06
302 0.06
303 0.06
304 0.06
305 0.06
306 0.06
307 0.06
308 0.06
309 0.07
310 0.07
311 0.07
312 0.07
313 0.08
314 0.08
315 0.08
316 0.08
317 0.08
318 0.08
319 0.08
320 0.07
321 0.07
322 0.07
323 0.07
324 0.07
325 0.07
326 0.07
327 0.06
328 0.06
329 0.06
330 0.06
331 0.06
332 0.06
333 0.06
334 0.06
335 0.06
336 0.07
337 0.07
338 0.07
339 0.07
340 0.07
341 0.07
342 0.07
343 0.07
344 0.07
345 0.07
346 0.06
347 0.06
348 0.06
349 0.06
350 0.06
351 0.06
352 0.07
353 0.08
354 0.08
355 0.08
356 0.08
357 0.09
358 0.09
359 0.09
360 0.09
361 0.09
362 0.1
363 0.1
364 0.1
365 0.11
366 0.11
367 0.12
368 0.12
369 0.11
370 0.12
371 0.12
372 0.12
373 0.12
374 0.12
375 0.12
376 0.12
377 0.12
378 0.12
379 0.12
380 0.12
381 0.12
382 0.12
383 0.12
384 0.12
385 0.12
386 0.12
387 0.11
388 0.11
389 0.11
390 0.11
391 0.11
392 0.11
393 0.12
394 0.13
395 0.13
396 0.13
397 0.13
398 0.13
399 0.14
400 0.14
401 0.14
402 0.14
403 0.14
404 0.14
405 0.14
406 0.15
407 0.15
408 0.15
409 0.15
410 0.15
411 0.15
412 0.15
413 0.14
414 0.15
415 0.16
416 0.16
417 0.17
418 0.17
419 0.18
420 0.18
421 0.19
422 0.19
423 0.19
424 0.19
425 0.2
426 0.2
427 0.2
428 0.2
429 0.2
430 0.21
431 0.21
432 0.21
433 0.21
434 0.22
435 0.22
436 0.21
437 0.22
438 0.22
439 0.22
440 0.22
441 0.23
442 0.23
443 0.23
444 0.24
445 0.24
446 0.24
447 0.25
448 0.25
449 0.25
450 0.26
451 0.26
452 0.25
453 0.24
454 0.25
455 0.25
456 0.26
457 0.25
458 0.26
459 0.26
460 0.26
461 0.26
462 0.25
463 0.26
464 0.26
465 0.25
466 0.25
467 0.25
468 0.26
469 0.26
470 0.25
471 0.25
472 0.25
473 0.25
474 0.25
475 0.25
476 0.25
477 0.25
478 0.25
479 0.25
480 0.25
481 0.24
482 0.24
483 0.24
484 0.24
485 0.24
486 0.24
487 0.24
488 0.24
489 0.24
490 0.24
491 0.24
492 0.24
493 0.24
494 0.23
495 0.23
496 0.23
497 0.23
498 0.24
499 0.23
500 0.23
501 0.23
502 0.24
503 0.24
504 0.24
505 0.24
506 0.23
507 0.23
508 0.23
509 0.23
510 0.23
511 0.23
512 0.23
513 0.23
514 0.22
515 0.21
516 0.22
517 0.22
518 0.22
519 0.21
520 0.21
521 0.2
522 0.21
523 0.21
524 0.22
525 0.22
526 0.22
527 0.22
528 0.23
529 0.24
530 0.23
531 0.24
532 0.25
533 0.25
534 0.25
535 0.25
536 0.25
537 0.25
538 0.25
539 0.25
540 0.25
541 0.25
542 0.25
543 0.25
544 0.25
545 0.26
546 0.27
547 0.27
548 0.27
549 0.27
550 0.26
551 0.27
552 0.27
553 0.28
554 0.28
555 0.28
556 0.28
557 0.28
558 0.28
559 0.28
560 0.28
561 0.28
562 0.28
563 0.27
564 0.28
565 0.29
566 0.3
567 0.3
568 0.3
569 0.3
570 0.3
571 0.31
572 0.31
573 0.31
574 0.31
575 0.31
576 0.31
577 0.31
578 0.31
579 0.31
580 0.32
581 0.32
582 0.32
583 0.33
584 0.33
585 0.33
586 0.33
587 0.33
588 0.33
589 0.34
590 0.35
591 0.35
592 0.35
593 0.34
594 0.35
595 0.35
596 0.36
597 0.37
598 0.36
599 0.36
600 0.36
601 0.37
602 0.36
603 0.36
604 0.36
605 0.36
606 0.36
607 0.36
608 0.37
609 0.37
610 0.38
611 0.39
612 0.4
613 0.41
614 0.41
615 0.41
616 0.4
617 0.39
618 0.39
619 0.39
620 0.4
621 0.4
622 0.4
623 0.4
624 0.39
625 0.38
626 0.39
627 0.4
628 0.39
629 0.38
630 0.38
631 0.38
632 0.38
633 0.38
634 0.38
635 0.38
636 0.38
637 0.38
638 0.38
639 0.39
640 0.39
641 0.38
642 0.38
643 0.38
644 0.38
645 0.37
646 0.36
647 0.35
648 0.36
649 0.36
650 0.37
651 0.37
652 0.37
653 0.36
654 0.35
655 0.36
656 0.36
657 0.36
658 0.35
659 0.36
660 0.36
661 0.37
662 0.37
663 0.38
664 0.37
665 0.36
666 0.35
667 0.34
668 0.33
669 0.34
670 0.35
671 0.35
672 0.36
673 0.36
674 0.36
675 0.36
676 0.36
677 0.37
678 0.37
679 0.38
680 0.37
681 0.38
682 0.38
683 0.37
684 0.37
685 0.38
686 0.38
687 0.39
688 0.39
689 0.39
690 0.38
691 0.39
692 0.4
693 0.41
694 0.4
695 0.41
696 0.4
697 0.39
698 0.4
699 0.4
700 0.4
701 0.4
702 0.4
703 0.41
704 0.41
705 0.41
706 0.42
707 0.42
708 0.42
709 0.41
710 0.41
711 0.4
712 0.4
713 0.39
714 0.4
715 0.41
716 0.41
717 0.42
718 0.43
719 0.43
720 0.43
721 0.44
722 0.44
723 0.45
724 0.45
725 0.45
726 0.45
727 0.45
728 0.46
729 0.47
730 0.47
731 0.47
732 0.47
733 0.47
734 0.46
735 0.46
736 0.47
737 0.47
738 0.47
739 0.46
740 0.47
741 0.48
742 0.49
743 0.5
744 0.49
745 0.5
746 0.5
747 0.51
748 0.5
749 0.5
750 0.49
751 0.49
752 0.49
753 0.5
754 0.5
755 0.49
756 0.49
757 0.49
758 0.5
759 0.5
760 0.5
761 0.5
762 0.51
763 0.5
764 0.51
765 0.52
766 0.52
767 0.53
768 0.54
769 0.53
770 0.53
771 0.53
772 0.52
773 0.52
774 0.52
775 0.52
776 0.53
777 0.52
778 0.52
779 0.52
780 0.53
781 0.53
782 0.54
783 0.54
784 0.54
785 0.54
786 0.55
787 0.55
788 0.56
789 0.55
790 0.56
791 0.55
792 0.54
793 0.53
794 0.54
795 0.53
796 0.53
797 0.54
798 0.53
799 0.54
800 0.55
801 0.54
802 0.54
803 0.54
804 0.54
805 0.55
806 0.55
807 0.56
808 0.55
809 0.56
810 0.56
811 0.57
812 0.57
813 0.58
814 0.57
815 0.56
816 0.56
817 0.56
818 0.55
819 0.56
820 0.55
821 0.55
822 0.54
823 0.53
824 0.53
825 0.53
826 0.53
827 0.52
828 0.51
829 0.5
830 0.5
831 0.49
832 0.48
833 0.48
834 0.48
835 0.48
836 0.47
837 0.46
838 0.46
839 0.46
840 0.45
841 0.44
842 0.43
843 0.42
844 0.42
845 0.41
846 0.41
847 0.4
848 0.4
849 0.4
850 0.4
851 0.39
852 0.39
853 0.38
854 0.38
855 0.38
856 0.37
857 0.37
858 0.36
859 0.35
860 0.35
861 0.35
862 0.35
863 0.35
864 0.34
865 0.34
866 0.35
867 0.34
868 0.34
869 0.35
870 0.35
871 0.34
872 0.35
873 0.36
874 0.37
875 0.38
876 0.37
877 0.38
878 0.39
879 0.38
880 0.38
881 0.38
882 0.38
883 0.38
884 0.39
885 0.39
886 0.39
887 0.39
888 0.39
889 0.39
890 0.39
891 0.39
892 0.4
893 0.4
894 0.39
895 0.4
896 0.4
897 0.39
898 0.4
899 0.39
900 0.39
901 0.4
902 0.41
903 0.41
904 0.42
905 0.41
906 0.41
907 0.4
908 0.41
909 0.4
910 0.4
911 0.4
912 0.39
913 0.39
914 0.4
915 0.41
916 0.42
917 0.42
918 0.43
919 0.43
920 0.43
921 0.42
922 0.43
923 0.44
924 0.44
925 0.45
926 0.44
927 0.45
928 0.46
929 0.47
930 0.48
931 0.48
932 0.48
933 0.49
934 0.49
935 0.5
936 0.51
937 0.52
938 0.53
939 0.54
940 0.54
941 0.54
942 0.55
943 0.56
944 0.56
945 0.57
946 0.58
947 0.58
948 0.58
949 0.59
950 0.59
951 0.6
952 0.61
953 0.62
954 0.63
955 0.64
956 0.65
957 0.66
958 0.67
959 0.68
960 0.69
961 0.69
962 0.69
963 0.7
964 0.71
965 0.7
966 0.69
967 0.7
968 0.69
969 0.69
970 0.69
971 0.7
972 0.7
973 0.69
974 0.69
975 0.69
976 0.7
977 0.69
978 0.68
979 0.69
980 0.69
981 0.69
982 0.69
983 0.69
984 0.68
985 0.67
986 0.66
987 0.66
988 0.66
989 0.67
990 0.67
991 0.68
992 0.67
993 0.68
994 0.69
995 0.68
996 0.68
997 0.69
998 0.68
999 0.68
1000 0.67
1001 0.66
1002 0.65
1003 0.64
1004 0.64
1005 0.64
1006 0.63
1007 0.63
1008 0.63
1009 0.63
1010 0.62
1011 0.61
1012 0.61
1013 0.6
1014 0.59
1015 0.59
1016 0.58
1017 0.57
1018 0.57
1019 0.56
1020 0.56
1021 0.57
1022 0.57
1023 0.56
1024 0.56
1025 0.56
1026 0.56
1027 0.56
1028 0.56
1029 0.55
1030 0.55
1031 0.56
1032 0.57
1033 0.56
1034 0.56
1035 0.55
1036 0.54
1037 0.54
1038 0.54
1039 0.54
1040 0.55
1041 0.55
1042 0.55
1043 0.55
1044 0.56
1045 0.56
1046 0.56
1047 0.56
1048 0.57
1049 0.57
1050 0.57
1051 0.56
1052 0.56
1053 0.56
1054 0.55
1055 0.54
1056 0.53
1057 0.53
1058 0.53
1059 0.53
1060 0.53
1061 0.53
1062 0.52
1063 0.52
1064 0.52
1065 0.52
1066 0.52
1067 0.52
1068 0.53
1069 0.52
1070 0.51
1071 0.51
1072 0.5
1073 0.51
1074 0.51
1075 0.51
1076 0.51
1077 0.51
1078 0.52
1079 0.52
1080 0.51
1081 0.51
1082 0.51
1083 0.51
1084 0.52
1085 0.53
1086 0.54
1087 0.54
1088 0.54
1089 0.53
1090 0.52
1091 0.51
1092 0.52
1093 0.52
1094 0.52
1095 0.52
1096 0.53
1097 0.53
1098 0.54
1099 0.55
1100 0.56
1101 0.57
1102 0.58
1103 0.59
1104 0.59
1105 0.6
1106 0.61
1107 0.62
1108 0.62
1109 0.63
1110 0.63
1111 0.63
1112 0.64
1113 0.64
1114 0.65
1115 0.65
1116 0.66
1117 0.67
1118 0.66
1119 0.66
1120 0.67
1121 0.66
1122 0.65
1123 0.66
1124 0.67
1125 0.67
1126 0.67
1127 0.66
1128 0.65
1129 0.65
1130 0.64
1131 0.63
1132 0.63
1133 0.63
1134 0.63
1135 0.63
1136 0.63
1137 0.63
1138 0.62
1139 0.61
1140 0.6
1141 0.61
1142 0.61
1143 0.6
1144 0.6
1145 0.59
1146 0.58
1147 0.58
1148 0.58
1149 0.57
1150 0.58
1151 0.58
1152 0.57
1153 0.57
1154 0.57
1155 0.57
1156 0.58
1157 0.58
1158 0.57
1159 0.57
1160 0.57
1161 0.56
1162 0.56
1163 0.56
1164 0.55
1165 0.56
1166 0.57
1167 0.56
1168 0.56
1169 0.57
1170 0.58
1171 0.58
1172 0.59
1173 0.59
1174 0.59
1175 0.59
1176 0.58
1177 0.59
1178 0.59
1179 0.58
1180 0.59
1181 0.58
1182 0.58
1183 0.59
1184 0.58
1185 0.57
1186 0.56
1187 0.56
1188 0.56
1189 0.57
1190 0.58
1191 0.58
1192 0.58
1193 0.58
1194 0.57
1195 0.58
1196 0.57
1197 0.56
1198 0.55
1199 0.54
1200 0.53
1201 0.52
1202 0.51
1203 0.5
1204 0.49
1205 0.48
1206 0.48
1207 0.47
1208 0.47
1209 0.46
1210 0.46
1211 0.47
1212 0.47
1213 0.47
1214 0.46
1215 0.45
1216 0.44
1217 0.44
1218 0.44
1219 0.44
1220 0.43
1221 0.43
1222 0.43
1223 0.42
1224 0.42
1225 0.41
1226 0.41
1227 0.42
1228 0.42
1229 0.42
1230 0.43
1231 0.44
1232 0.43
1233 0.43
1234 0.44
1235 0.45
1236 0.45
1237 0.45
1238 0.46
1239 0.47
1240 0.48
1241 0.47
1242 0.47
1243 0.48
1244 0.48
1245 0.48
1246 0.49
1247 0.49
1248 0.48
1249 0.48
1250 0.47
1251 0.47
1252 0.48
1253 0.47
1254 0.48
1255 0.48
1256 0.47
1257 0.47
1258 0.48
1259 0.48
1260 0.48
1261 0.49
1262 0.49
1263 0.48
1264 0.48
1265 0.48
1266 0.47
1267 0.47
1268 0.47
1269 0.47
1270 0.47
1271 0.46
1272 0.46
1273 0.46
1274 0.46
1275 0.46
1276 0.47
1277 0.47
1278 0.47
1279 0.48
1280 0.48
1281 0.48
1282 0.47
1283 0.47
1284 0.47
1285 0.48
1286 0.48
1287 0.48
1288 0.48
1289 0.47
1290 0.46
1291 0.46
1292 0.46
1293 0.45
1294 0.45
1295 0.44
1296 0.44
1297 0.44
1298 0.45
1299 0.46
1300 0.47
1301 0.47
1302 0.47
1303 0.48
1304 0.49
1305 0.49
1306 0.49
1307 0.5
1308 0.5
1309 0.51
1310 0.52
1311 0.51
1312 0.51
1313 0.52
1314 0.53
1315 0.54
1316 0.54
1317 0.53
1318 0.53
1319 0.53
1320 0.54
1321 0.54
1322 0.55
1323 0.55
1324 0.55
1325 0.55
1326 0.56
1327 0.56
1328 0.56
1329 0.56
1330 0.55
1331 0.54
1332 0.55
1333 0.56
1334 0.55
1335 0.55
1336 0.55
1337 0.55
1338 0.55
1339 0.55
1340 0.55
1341 0.56
1342 0.56
1343 0.56
1344 0.55
1345 0.55
1346 0.55
1347 0.56
1348 0.57
1349 0.57
1350 0.58
1351 0.58
1352 0.57
1353 0.58
1354 0.57
1355 0.58
1356 0.59
1357 0.59
1358 0.59
1359 0.59
1360 0.58
1361 0.58
1362 0.59
1363 0.6
1364 0.6
1365 0.6
1366 0.6
1367 0.61
1368 0.61
1369 0.6
1370 0.59
1371 0.6
1372 0.6
1373 0.59
1374 0.59
1375 0.59
1376 0.58
1377 0.58
1378 0.57
1379 0.57
1380 0.57
1381 0.58
1382 0.59
1383 0.58
1384 0.58
1385 0.58
1386 0.59
1387 0.58
1388 0.58
1389 0.59
1390 0.6
1391 0.61
1392 0.61
1393 0.61
1394 0.62
1395 0.63
1396 0.64
1397 0.65
1398 0.65
1399 0.65
1400 0.65
1401 0.65
1402 0.66
1403 0.65
1404 0.65
1405 0.66
1406 0.66
1407 0.65
1408 0.65
1409 0.65
1410 0.65
1411 0.65
1412 0.64
1413 0.64
1414 0.64
1415 0.64
1416 0.65
1417 0.66
1418 0.67
1419 0.67
1420 0.67
1421 0.68
1422 0.68
1423 0.69
1424 0.68
1425 0.68
1426 0.68
1427 0.68
1428 0.69
1429 0.7
1430 0.71
1431 0.72
1432 0.71
1433 0.7
1434 0.7
1435 0.7
1436 0.71
1437 0.71
1438 0.71
1439 0.7
1440 0.7
1441 0.7
1442 0.69
1443 0.69
1444 0.7
1445 0.71
1446 0.71
1447 0.71
1448 0.71
1449 0.71
1450 0.71
1451 0.72
1452 0.72
1453 0.71
1454 0.71
1455 0.71
1456 0.7
1457 0.7
1458 0.7
1459 0.7
1460 0.71
1461 0.71
1462 0.71
1463 0.71
1464 0.72
1465 0.72
1466 0.73
1467 0.73
1468 0.73
1469 0.73
1470 0.74
1471 0.73
1472 0.73
1473 0.74
1474 0.74
1475 0.74
1476 0.75
1477 0.75
1478 0.76
1479 0.76
1480 0.76
1481 0.76
1482 0.75
1483 0.75
1484 0.76
1485 0.75
1486 0.74
1487 0.75
1488 0.74
1489 0.73
1490 0.72
1491 0.72
1492 0.72
1493 0.72
1494 0.72
1495 0.72
1496 0.71
1497 0.7
1498 0.69
1499 0.69
1500 0.68
1501 0.68
1502 0.68
1503 0.68
1504 0.68
1505 0.68
1506 0.67
1507 0.68
1508 0.68
1509 0.67
1510 0.67
1511 0.68
1512 0.69
1513 0.68
1514 0.68
1515 0.67
1516 0.67
1517 0.66
1518 0.66
1519 0.67
1520 0.66
1521 0.66
1522 0.65
1523 0.64
1524 0.65
1525 0.66
1526 0.65
1527 0.64
1528 0.63
1529 0.62
1530 0.62
1531 0.62
1532 0.62
1533 0.63
1534 0.63
1535 0.62
1536 0.62
1537 0.61
1538 0.61
1539 0.61
1540 0.61
1541 0.6
1542 0.61
1543 0.61
1544 0.6
1545 0.6
1546 0.59
1547 0.58
1548 0.57
1549 0.57
1550 0.57
1551 0.57
1552 0.58
1553 0.59
1554 0.6
1555 0.59
1556 0.6
1557 0.6
1558 0.59
1559 0.59
1560 0.58
1561 0.58
1562 0.58
1563 0.58
1564 0.57
1565 0.57
1566 0.57
1567 0.56
1568 0.56
1569 0.56
1570 0.56
1571 0.57
1572 0.57
1573 0.56
1574 0.56
1575 0.56
1576 0.56
1577 0.56
1578 0.55
1579 0.54
1580 0.54
1581 0.54
1582 0.55
1583 0.55
1584 0.54
1585 0.55
1586 0.56
1587 0.56
1588 0.56
1589 0.56
1590 0.57
1591 0.57
1592 0.56
1593 0.56
1594 0.55
1595 0.54
1596 0.54
1597 0.55
1598 0.55
1599 0.55
1600 0.56
1601 0.57
1602 0.57
1603 0.58
1604 0.58
1605 0.57
1606 0.58
1607 0.58
1608 0.57
1609 0.58
1610 0.58
1611 0.58
1612 0.58
1613 0.58
1614 0.58
1615 0.59
1616 0.58
1617 0.59
1618 0.59
1619 0.59
1620 0.6
1621 0.6
1622 0.61
1623 0.61
1624 0.61
1625 0.6
1626 0.61
1627 0.62
1628 0.63
1629 0.64
1630 0.63
1631 0.63
1632 0.63
1633 0.62
1634 0.63
1635 0.63
1636 0.63
1637 0.63
1638 0.62
1639 0.62
1640 0.62
1641 0.62
1642 0.61
1643 0.6
1644 0.61
1645 0.61
1646 0.62
1647 0.62
1648 0.63
1649 0.64
1650 0.64
1651 0.64
1652 0.64
1653 0.64
1654 0.64
1655 0.65
1656 0.65
1657 0.65
1658 0.66
1659 0.66
1660 0.67
1661 0.66
1662 0.66
1663 0.66
1664 0.67
1665 0.66
1666 0.66
1667 0.66
1668 0.66
1669 0.67
1670 0.67
1671 0.66
1672 0.66
1673 0.67
1674 0.67
1675 0.67
1676 0.67
1677 0.67
1678 0.67
1679 0.67
1680 0.67
1681 0.66
1682 0.65
1683 0.66
1684 0.67
1685 0.67
1686 0.67
1687 0.66
1688 0.67
1689 0.68
1690 0.68
1691 0.68
1692 0.69
1693 0.69
1694 0.7
1695 0.7
1696 0.71
1697 0.7
1698 0.7
1699 0.7
1700 0.69
1701 0.69
1702 0.68
1703 0.67
1704 0.67
1705 0.68
1706 0.68
1707 0.68
1708 0.69
1709 0.69
1710 0.69
1711 0.69
1712 0.68
1713 0.69
1714 0.69
1715 0.68
1716 0.68
1717 0.68
1718 0.67
1719 0.67
1720 0.67
1721 0.67
1722 0.66
1723 0.67
1724 0.67
1725 0.68
1726 0.68
1727 0.68
1728 0.68
1729 0.68
1730 0.69
1731 0.69
1732 0.7
1733 0.7
1734 0.7
1735 0.7
1736 0.7
1737 0.7
1738 0.71
1739 0.72
1740 0.71
1741 0.72
1742 0.72
1743 0.73
1744 0.73
1745 0.72
1746 0.72
1747 0.72
1748 0.72
1749 0.72
1750 0.72
1751 0.72
1752 0.71
1753 0.71
1754 0.71
1755 0.71
1756 0.71
1757 0.71
1758 0.71
1759 0.71
1760 0.71
1761 0.72
1762 0.72
1763 0.72
1764 0.72
1765 0.73
1766 0.73
1767 0.74
1768 0.74
1769 0.73
1770 0.73
1771 0.74
1772 0.73
1773 0.73
1774 0.72
1775 0.72
1776 0.72
1777 0.72
1778 0.73
1779 0.74
1780 0.74
1781 0.74
1782 0.74
1783 0.74
1784 0.73
1785 0.73
1786 0.72
1787 0.73
1788 0.72
1789 0.72
1790 0.71
1791 0.71
1792 0.7
1793 0.71
1794 0.7
1795 0.7
1796 0.7
1797 0.71
1798 0.71
1799 0.71
1800 0.71
1801 0.7
1802 0.7
1803 0.71
1804 0.71
1805 0.7
1806 0.69
1807 0.68
1808 0.67
1809 0.66
1810 0.66
1811 0.66
1812 0.67
1813 0.67
1814 0.67
1815 0.67
1816 0.67
1817 0.67
1818 0.67
1819 0.66
1820 0.66
1821 0.65
1822 0.65
1823 0.64
1824 0.63
1825 0.62
1826 0.62
1827 0.61
1828 0.61
1829 0.61
1830 0.61
1831 0.6
1832 0.6
1833 0.6
1834 0.6
1835 0.6
1836 0.6
1837 0.61
1838 0.6
1839 0.6
1840 0.61
1841 0.61
1842 0.61
1843 0.61
1844 0.61
1845 0.61
1846 0.61
1847 0.61
1848 0.61
1849 0.6
1850 0.6
1851 0.6
1852 0.61
1853 0.61
1854 0.6
1855 0.6
1856 0.6
1857 0.6
1858 0.6
1859 0.59
1860 0.59
1861 0.58
1862 0.57
1863 0.56
1864 0.55
1865 0.54
1866 0.53
1867 0.52
1868 0.51
1869 0.51
1870 0.5
1871 0.49
1872 0.49
1873 0.48
1874 0.48
1875 0.47
1876 0.46
1877 0.45
1878 0.44
1879 0.43
1880 0.42
1881 0.42
1882 0.42
1883 0.41
1884 0.41
1885 0.4
1886 0.4
1887 0.39
1888 0.39
1889 0.38
1890 0.38
1891 0.37
1892 0.37
1893 0.36
1894 0.36
1895 0.36
1896 0.35
1897 0.34
1898 0.34
1899 0.33
1900 0.33
1901 0.33
1902 0.33
1903 0.32
1904 0.31
1905 0.31
1906 0.31
1907 0.31
1908 0.31
1909 0.32
1910 0.31
1911 0.31
1912 0.3
1913 0.29
1914 0.28
1915 0.28
1916 0.28
1917 0.27
1918 0.27
1919 0.27
1920 0.26
1921 0.27
1922 0.27
1923 0.27
1924 0.28
1925 0.28
1926 0.28
1927 0.28
1928 0.28
1929 0.28
1930 0.28
1931 0.28
1932 0.27
1933 0.28
1934 0.28
1935 0.29
1936 0.29
1937 0.29
1938 0.3
1939 0.3
1940 0.3
1941 0.3
1942 0.31
1943 0.31
1944 0.31
1945 0.32
1946 0.32
1947 0.32
1948 0.32
1949 0.32
1950 0.32
1951 0.32
1952 0.31
1953 0.3
1954 0.3
1955 0.3
1956 0.29
1957 0.28
1958 0.28
1959 0.28
1960 0.28
1961 0.28
1962 0.28
1963 0.29
1964 0.3
1965 0.3
1966 0.31
1967 0.32
1968 0.32
1969 0.33
1970 0.34
1971 0.34
1972 0.34
1973 0.35
1974 0.36
1975 0.37
1976 0.38
1977 0.38
1978 0.39
1979 0.4
1980 0.41
1981 0.42
1982 0.42
1983 0.43
1984 0.44
1985 0.45
1986 0.46
1987 0.47
1988 0.48
1989 0.48
1990 0.49
1991 0.49
1992 0.5
1993 0.51
1994 0.52
1995 0.53
1996 0.53
1997 0.53
1998 0.54
1999 0.55
2000 0.56
2001 0.56
