1 0
2 0
3 0
4 0
5 0
6 0
7 0
8 0
9 0
10 0
11 0
12 0
13 0
14 0
15 0
16 0
17 0
18 0
19 0
20 0
21 0
22 0
23 0
24 0
25 0
26 0
27 0
28 0
29 0
30 0
31 0
32 0
33 0
34 0
35 0
36 0
37 0
38 0
39 0
40 0
41 0
42 0
43 0
44 0
45 0
46 0
47 0
48 0
49 0
50 0
51 0
52 0
53 0
54 0
55 0
56 0
57 0
58 0
59 0
60 0
61 0
62 0
63 0
64 0
65 0
66 0
67 0
68 0
69 0
70 0
71 0
72 0
73 0
74 0
75 0
76 0
77 0
78 0
79 0
80 0
81 0
82 0
83 0
84 0
85 0
86 0
87 0
88 0
89 0
90 0
91 0
92 0
93 0
94 0
95 0
96 0
97 0
98 0
99 0
100 0
101 0.0
102 0.0
103 0.0
104 0.0
105 0.0
106 0.0
107 0.0
108 0.0
109 0.0
110 0.0
111 0.0
112 0.0
113 0.0
114 0.0
115 0.0
116 0.0
117 0.0
118 0.0
119 0.0
120 0.0
121 0.0
122 0.0
123 0.0
124 0.0
125 0.0
126 0.0
127 0.0
128 0.0
129 0.0
130 0.0
131 0.0
132 0.0
133 0.0
134 0.0
135 0.0
136 0.0
137 0.0
138 0.0
139 0.0
140 0.0
141 0.0
142 0.0
143 0.0
144 0.0
145 0.0
146 0.0
147 0.0
148 0.0
149 0.0
150 0.0
151 0.0
152 0.0
153 0.0
154 0.0
155 0.0
156 0.0
157 0.0
158 0.0
159 0.0
160 0.0
161 0.0
162 0.0
163 0.0
164 0.0
165 0.0
166 0.0
167 0.0
168 0.0
169 0.0
170 0.0
171 0.0
172 0.0
173 0.0
174 0.0
175 0.0
176 0.0
177 0.0
178 0.0
179 0.0
180 0.0
181 0.0
182 0.0
183 0.0
184 0.0
185 0.0
186 0.0
187 0.0
188 0.0
189 0.0
190 0.0
191 0.0
192 0.0
193 0.0
194 0.0
195 0.0
196 0.0
197 0.0
198 0.0
199 0.0
200 0.0
201 0.0
202 0.0
203 0.0
204 0.0
205 0.0
206 0.0
207 0.0
208 0.0
209 0.0
210 0.0
211 0.0
212 0.0
213 0.0
214 0.0
215 0.0
216 0.0
217 0.0
218 0.0
219 0.0
220 0.0
221 0.0
222 0.0
223 0.0
224 0.0
225 0.0
226 0.0
227 0.0
228 0.0
229 0.0
230 0.0
231 0.0
232 0.0
233 0.0
234 0.0
235 0.0
236 0.0
237 0.0
238 0.0
239 0.0
240 0.0
241 0.0
242 0.0
243 0.0
244 0.0
245 0.0
246 0.0
247 0.0
248 0.0
249 0.0
250 0.0
251 0.0
252 0.0
253 0.0
254 0.0
255 0.0
256 0.0
257 0.0
258 0.0
259 0.0
260 0.0
261 0.0
262 0.0
263 0.0
264 0.0
265 0.0
266 0.0
267 0.0
268 0.0
269 0.0
270 0.0
271 0.0
272 0.0
273 0.0
274 0.0
275 0.0
276 0.0
277 0.0
278 0.0
279 0.0
280 0.0
281 0.0
282 0.0
283 0.0
284 0.0
285 0.0
286 0.0
287 0.0
288 0.0
289 0.0
290 0.0
291 0.0
292 0.0
293 0.0
294 0.0
295 0.0
296 0.0
297 0.0
298 0.0
299 0.0
300 0.0
301 0.0
302 0.0
303 0.0
304 0.0
305 0.0
306 0.0
307 0.0
308 0.0
309 0.0
310 0.0
311 0.0
312 0.0
313 0.0
314 0.0
315 0.0
316 0.0
317 0.0
318 0.0
319 0.0
320 0.0
321 0.0
322 0.0
323 0.0
324 0.0
325 0.0
326 0.0
327 0.0
328 0.0
329 0.0
330 0.0
331 0.0
332 0.0
333 0.0
334 0.0
335 0.0
336 0.0
337 0.0
338 0.0
339 0.0
340 0.0
341 0.0
342 0.0
343 0.0
344 0.0
345 0.0
346 0.0
347 0.0
348 0.0
349 0.0
350 0.0
351 0.0
352 0.0
353 0.0
354 0.0
355 0.0
356 0.0
357 0.0
358 0.0
359 0.0
360 0.0
361 0.0
362 0.0
363 0.0
364 0.0
365 0.0
366 0.0
367 0.0
368 0.0
369 0.0
370 0.0
371 0.0
372 0.0
373 0.0
374 0.0
375 0.0
376 0.0
377 0.0
378 0.0
379 0.0
380 0.0
381 0.0
382 0.0
383 0.0
384 0.0
385 0.0
386 0.0
387 0.0
388 0.0
389 0.0
390 0.0
391 0.0
392 0.0
393 0.0
394 0.0
395 0.0
396 0.0
397 0.0
398 0.0
399 0.0
400 0.0
401 0.0
402 0.0
403 0.0
404 0.0
405 0.0
406 0.0
407 0.0
408 0.0
409 0.0
410 0.0
411 0.0
412 0.0
413 0.0
414 0.0
415 0.0
416 0.0
417 0.0
418 0.0
419 0.0
420 0.0
421 0.0
422 0.0
423 0.0
424 0.0
425 0.0
426 0.0
427 0.0
428 0.0
429 0.0
430 0.0
431 0.0
432 0.0
433 0.0
434 0.0
435 0.0
436 0.0
437 0.01
438 0.01
439 0.01
440 0.01
441 0.01
442 0.01
443 0.01
444 0.01
445 0.01
446 0.01
447 0.01
448 0.01
449 0.01
450 0.01
451 0.01
452 0.01
453 0.01
454 0.01
455 0.01
456 0.01
457 0.01
458 0.01
459 0.01
460 0.01
461 0.01
462 0.01
463 0.01
464 0.01
465 0.01
466 0.01
467 0.01
468 0.01
469 0.01
470 0.01
471 0.01
472 0.01
473 0.01
474 0.01
475 0.01
476 0.01
477 0.01
478 0.01
479 0.01
480 0.01
481 0.01
482 0.01
483 0.01
484 0.01
485 0.01
486 0.01
487 0.01
488 0.01
489 0.01
490 0.01
491 0.01
492 0.01
493 0.01
494 0.01
495 0.01
496 0.01
497 0.01
498 0.01
499 0.01
500 0.01
501 0.01
502 0.01
503 0.01
504 0.01
505 0.01
506 0.01
507 0.01
508 0.01
509 0.01
510 0.01
511 0.01
512 0.01
513 0.01
514 0.01
515 0.01
516 0.01
517 0.01
518 0.01
519 0.01
520 0.01
521 0.01
522 0.01
523 0.01
524 0.01
525 0.01
526 0.01
527 0.01
528 0.01
529 0.01
530 0.01
531 0.01
532 0.01
533 0.01
534 0.01
535 0.01
536 0.01
537 0.0
538 0.0
539 0.0
540 0.0
541 0.0
542 0.0
543 0.0
544 0.0
545 0.0
546 0.0
547 0.0
548 0.0
549 0.0
550 0.0
551 0.0
552 0.0
553 0.0
554 0.0
555 0.0
556 0.0
557 0.0
558 0.0
559 0.0
560 0.0
561 0.0
562 0.0
563 0.0
564 0.0
565 0.0
566 0.0
567 0.0
568 0.0
569 0.0
570 0.0
571 0.0
572 0.0
573 0.0
574 0.0
575 0.0
576 0.0
577 0.0
578 0.0
579 0.0
580 0.0
581 0.0
582 0.0
583 0.0
584 0.0
585 0.0
586 0.0
587 0.0
588 0.0
589 0.0
590 0.0
591 0.0
592 0.0
593 0.0
594 0.0
595 0.0
596 0.0
597 0.0
598 0.0
599 0.0
600 0.0
601 0.0
602 0.0
603 0.0
604 0.0
605 0.0
606 0.0
607 0.0
608 0.0
609 0.0
610 0.0
611 0.0
612 0.0
613 0.0
614 0.0
615 0.0
616 0.0
617 0.0
618 0.0
619 0.0
620 0.0
621 0.0
622 0.0
623 0.0
624 0.0
625 0.0
626 0.0
627 0.0
628 0.0
629 0.0
630 0.0
631 0.0
632 0.0
633 0.0
634 0.0
635 0.0
636 0.0
637 0.0
638 0.0
639 0.0
640 0.0
641 0.0
642 0.0
643 0.0
644 0.0
645 0.0
646 0.0
647 0.0
648 0.0
649 0.0
650 0.0
651 0.0
652 0.0
653 0.0
654 0.0
655 0.0
656 0.0
657 0.0
658 0.0
659 0.0
660 0.0
661 0.0
662 0.0
663 0.0
664 0.0
665 0.0
666 0.0
667 0.0
668 0.0
669 0.0
670 0.0
671 0.01
672 0.01
673 0.01
674 0.02
675 0.02
676 0.02
677 0.02
678 0.02
679 0.02
680 0.02
681 0.02
682 0.02
683 0.02
684 0.02
685 0.02
686 0.02
687 0.02
688 0.02
689 0.02
690 0.03
691 0.04
692 0.04
693 0.04
694 0.04
695 0.04
696 0.04
697 0.04
698 0.04
699 0.04
700 0.04
701 0.04
702 0.04
703 0.04
704 0.04
705 0.04
706 0.04
707 0.04
708 0.04
709 0.04
710 0.04
711 0.04
712 0.04
713 0.04
714 0.04
715 0.04
716 0.04
717 0.04
718 0.04
719 0.04
720 0.04
721 0.04
722 0.04
723 0.04
724 0.04
725 0.04
726 0.04
727 0.04
728 0.04
729 0.04
730 0.04
731 0.04
732 0.04
733 0.04
734 0.04
735 0.04
736 0.04
737 0.04
738 0.04
739 0.04
740 0.04
741 0.04
742 0.04
743 0.04
744 0.04
745 0.04
746 0.04
747 0.04
748 0.04
749 0.04
750 0.04
751 0.04
752 0.04
753 0.04
754 0.04
755 0.04
756 0.04
757 0.04
758 0.04
759 0.04
760 0.04
761 0.04
762 0.04
763 0.04
764 0.04
765 0.04
766 0.04
767 0.04
768 0.04
769 0.04
770 0.04
771 0.03
772 0.03
773 0.03
774 0.02
775 0.02
776 0.02
777 0.02
778 0.02
779 0.02
780 0.02
781 0.02
782 0.03
783 0.03
784 0.03
785 0.03
786 0.03
787 0.03
788 0.03
789 0.03
790 0.02
791 0.01
792 0.01
793 0.01
794 0.01
795 0.01
796 0.01
797 0.01
798 0.01
799 0.01
800 0.01
801 0.01
802 0.01
803 0.01
804 0.01
805 0.01
806 0.01
807 0.01
808 0.01
809 0.01
810 0.01
811 0.01
812 0.01
813 0.01
814 0.01
815 0.01
816 0.01
817 0.01
818 0.01
819 0.01
820 0.01
821 0.01
822 0.01
823 0.01
824 0.01
825 0.01
826 0.01
827 0.01
828 0.01
829 0.01
830 0.01
831 0.01
832 0.01
833 0.01
834 0.01
835 0.01
836 0.01
837 0.01
838 0.01
839 0.01
840 0.01
841 0.01
842 0.01
843 0.02
844 0.02
845 0.02
846 0.02
847 0.02
848 0.02
849 0.02
850 0.02
851 0.02
852 0.02
853 0.02
854 0.02
855 0.02
856 0.02
857 0.02
858 0.02
859 0.02
860 0.02
861 0.02
862 0.02
863 0.02
864 0.02
865 0.02
866 0.02
867 0.02
868 0.03
869 0.03
870 0.03
871 0.03
872 0.03
873 0.03
874 0.04
875 0.04
876 0.05
877 0.05
878 0.05
879 0.05
880 0.05
881 0.05
882 0.04
883 0.04
884 0.04
885 0.04
886 0.04
887 0.04
888 0.04
889 0.04
890 0.04
891 0.04
892 0.04
893 0.04
894 0.04
895 0.04
896 0.04
897 0.04
898 0.05
899 0.05
900 0.05
901 0.05
902 0.05
903 0.05
904 0.05
905 0.05
906 0.05
907 0.05
908 0.05
909 0.05
910 0.05
911 0.05
912 0.05
913 0.05
914 0.05
915 0.05
916 0.05
917 0.05
918 0.05
919 0.05
920 0.05
921 0.05
922 0.05
923 0.05
924 0.05
925 0.05
926 0.05
927 0.05
928 0.05
929 0.05
930 0.06
931 0.06
932 0.06
933 0.06
934 0.06
935 0.06
936 0.06
937 0.06
938 0.06
939 0.06
940 0.06
941 0.06
942 0.06
943 0.05
944 0.05
945 0.05
946 0.05
947 0.05
948 0.05
949 0.05
950 0.05
951 0.05
952 0.05
953 0.05
954 0.05
955 0.05
956 0.05
957 0.05
958 0.05
959 0.05
960 0.05
961 0.05
962 0.05
963 0.05
964 0.05
965 0.05
966 0.05
967 0.05
968 0.04
969 0.04
970 0.04
971 0.04
972 0.04
973 0.04
974 0.03
975 0.03
976 0.02
977 0.02
978 0.02
979 0.02
980 0.02
981 0.02
982 0.02
983 0.02
984 0.02
985 0.02
986 0.02
987 0.02
988 0.03
989 0.03
990 0.03
991 0.03
992 0.03
993 0.03
994 0.03
995 0.03
996 0.03
997 0.03
998 0.02
999 0.02
1000 0.02
1001 0.02
1002 0.03
1003 0.03
1004 0.03
1005 0.03
1006 0.03
1007 0.03
1008 0.03
1009 0.03
1010 0.03
1011 0.03
1012 0.03
1013 0.03
1014 0.03
1015 0.03
1016 0.03
1017 0.03
1018 0.03
1019 0.03
1020 0.03
1021 0.03
1022 0.03
1023 0.04
1024 0.04
1025 0.04
1026 0.04
1027 0.04
1028 0.04
1029 0.04
1030 0.03
1031 0.03
1032 0.03
1033 0.03
1034 0.03
1035 0.03
1036 0.03
1037 0.03
1038 0.03
1039 0.03
1040 0.03
1041 0.03
1042 0.03
1043 0.03
1044 0.03
1045 0.03
1046 0.03
1047 0.03
1048 0.03
1049 0.03
1050 0.03
1051 0.03
1052 0.03
1053 0.03
1054 0.03
1055 0.03
1056 0.03
1057 0.03
1058 0.03
1059 0.03
1060 0.03
1061 0.03
1062 0.03
1063 0.03
1064 0.03
1065 0.03
1066 0.03
1067 0.03
1068 0.03
1069 0.03
1070 0.03
1071 0.03
1072 0.03
1073 0.03
1074 0.03
1075 0.03
1076 0.03
1077 0.03
1078 0.03
1079 0.03
1080 0.03
1081 0.03
1082 0.03
1083 0.03
1084 0.03
1085 0.03
1086 0.03
1087 0.03
1088 0.02
1089 0.02
1090 0.02
1091 0.02
1092 0.02
1093 0.02
1094 0.02
1095 0.02
1096 0.02
1097 0.02
1098 0.02
1099 0.02
1100 0.02
1101 0.02
1102 0.01
1103 0.01
1104 0.01
1105 0.01
1106 0.01
1107 0.01
1108 0.01
1109 0.02
1110 0.02
1111 0.02
1112 0.02
1113 0.02
1114 0.02
1115 0.02
1116 0.02
1117 0.02
1118 0.02
1119 0.02
1120 0.02
1121 0.02
1122 0.02
1123 0.01
1124 0.01
1125 0.01
1126 0.01
1127 0.01
1128 0.01
1129 0.01
1130 0.01
1131 0.01
1132 0.01
1133 0.01
1134 0.01
1135 0.01
1136 0.01
1137 0.01
1138 0.01
1139 0.01
1140 0.01
1141 0.01
1142 0.01
1143 0.01
1144 0.01
1145 0.01
1146 0.01
1147 0.01
1148 0.01
1149 0.01
1150 0.01
1151 0.01
1152 0.01
1153 0.01
1154 0.02
1155 0.02
1156 0.03
1157 0.03
1158 0.03
1159 0.03
1160 0.03
1161 0.03
1162 0.03
1163 0.03
1164 0.03
1165 0.03
1166 0.03
1167 0.03
1168 0.03
1169 0.03
1170 0.03
1171 0.03
1172 0.03
1173 0.03
1174 0.03
1175 0.03
1176 0.03
1177 0.03
1178 0.03
1179 0.03
1180 0.03
1181 0.03
1182 0.03
1183 0.03
1184 0.03
1185 0.03
1186 0.03
1187 0.03
1188 0.03
1189 0.03
1190 0.03
1191 0.03
1192 0.03
1193 0.03
1194 0.03
1195 0.03
1196 0.03
1197 0.03
1198 0.03
1199 0.03
1200 0.03
1201 0.03
1202 0.03
1203 0.04
1204 0.04
1205 0.04
1206 0.04
1207 0.04
1208 0.04
1209 0.03
1210 0.03
1211 0.03
1212 0.03
1213 0.03
1214 0.03
1215 0.03
1216 0.03
1217 0.03
1218 0.03
1219 0.04
1220 0.04
1221 0.04
1222 0.04
1223 0.04
1224 0.04
1225 0.04
1226 0.04
1227 0.04
1228 0.04
1229 0.04
1230 0.04
1231 0.04
1232 0.04
1233 0.04
1234 0.04
1235 0.04
1236 0.04
1237 0.04
1238 0.04
1239 0.04
1240 0.04
1241 0.04
1242 0.04
1243 0.04
1244 0.04
1245 0.04
1246 0.04
1247 0.04
1248 0.04
1249 0.04
1250 0.04
1251 0.04
1252 0.04
1253 0.04
1254 0.03
1255 0.03
1256 0.02
1257 0.02
1258 0.02
1259 0.02
1260 0.02
1261 0.02
1262 0.02
1263 0.02
1264 0.02
1265 0.02
1266 0.02
1267 0.02
1268 0.02
1269 0.02
1270 0.02
1271 0.02
1272 0.02
1273 0.02
1274 0.02
1275 0.02
1276 0.02
1277 0.02
1278 0.02
1279 0.02
1280 0.02
1281 0.02
1282 0.03
1283 0.03
1284 0.03
1285 0.03
1286 0.03
1287 0.03
1288 0.03
1289 0.03
1290 0.03
1291 0.03
1292 0.03
1293 0.03
1294 0.03
1295 0.03
1296 0.03
1297 0.03
1298 0.03
1299 0.03
1300 0.03
1301 0.03
1302 0.03
1303 0.02
1304 0.02
1305 0.02
1306 0.02
1307 0.02
1308 0.02
1309 0.02
1310 0.03
1311 0.03
1312 0.03
1313 0.03
1314 0.03
1315 0.03
1316 0.03
1317 0.03
1318 0.03
1319 0.02
1320 0.02
1321 0.02
1322 0.02
1323 0.02
1324 0.02
1325 0.02
1326 0.02
1327 0.02
1328 0.02
1329 0.02
1330 0.02
1331 0.02
1332 0.02
1333 0.02
1334 0.02
1335 0.02
1336 0.02
1337 0.02
1338 0.02
1339 0.02
1340 0.02
1341 0.02
1342 0.03
1343 0.03
1344 0.03
1345 0.03
1346 0.03
1347 0.03
1348 0.03
1349 0.03
1350 0.03
1351 0.03
1352 0.03
1353 0.03
1354 0.03
1355 0.03
1356 0.03
1357 0.03
1358 0.03
1359 0.03
1360 0.03
1361 0.03
1362 0.04
1363 0.04
1364 0.04
1365 0.04
1366 0.04
1367 0.04
1368 0.04
1369 0.04
1370 0.04
1371 0.04
1372 0.04
1373 0.04
1374 0.04
1375 0.05
1376 0.05
1377 0.05
1378 0.05
1379 0.05
1380 0.05
1381 0.05
1382 0.04
1383 0.04
1384 0.04
1385 0.04
1386 0.04
1387 0.04
1388 0.04
1389 0.05
1390 0.05
1391 0.05
1392 0.06
1393 0.06
1394 0.06
1395 0.06
1396 0.06
1397 0.06
1398 0.06
1399 0.06
1400 0.06
1401 0.06
1402 0.07
1403 0.07
1404 0.07
1405 0.07
1406 0.07
1407 0.07
1408 0.07
1409 0.07
1410 0.06
1411 0.06
1412 0.06
1413 0.06
1414 0.07
1415 0.07
1416 0.07
1417 0.07
1418 0.07
1419 0.07
1420 0.07
1421 0.07
1422 0.08
1423 0.08
1424 0.08
1425 0.08
1426 0.08
1427 0.08
1428 0.08
1429 0.08
1430 0.08
1431 0.08
1432 0.08
1433 0.08
1434 0.08
1435 0.08
1436 0.08
1437 0.09
1438 0.09
1439 0.1
1440 0.1
1441 0.1
1442 0.09
1443 0.09
1444 0.09
1445 0.09
1446 0.09
1447 0.09
1448 0.09
1449 0.09
1450 0.09
1451 0.09
1452 0.09
1453 0.09
1454 0.09
1455 0.09
1456 0.09
1457 0.09
1458 0.09
1459 0.09
1460 0.09
1461 0.09
1462 0.08
1463 0.08
1464 0.08
1465 0.08
1466 0.08
1467 0.08
1468 0.08
1469 0.08
1470 0.08
1471 0.08
1472 0.08
1473 0.08
1474 0.09
1475 0.08
1476 0.08
1477 0.08
1478 0.08
1479 0.08
1480 0.08
1481 0.08
1482 0.08
1483 0.09
1484 0.09
1485 0.09
1486 0.09
1487 0.1
1488 0.1
1489 0.09
1490 0.09
1491 0.09
1492 0.08
1493 0.08
1494 0.08
1495 0.08
1496 0.08
1497 0.09
1498 0.09
1499 0.09
1500 0.09
1501 0.09
1502 0.08
1503 0.08
1504 0.08
1505 0.08
1506 0.08
1507 0.08
1508 0.08
1509 0.08
1510 0.08
1511 0.08
1512 0.08
1513 0.08
1514 0.07
1515 0.07
1516 0.07
1517 0.07
1518 0.07
1519 0.07
1520 0.07
1521 0.07
1522 0.06
1523 0.06
1524 0.06
1525 0.06
1526 0.06
1527 0.06
1528 0.06
1529 0.06
1530 0.06
1531 0.06
1532 0.06
1533 0.06
1534 0.06
1535 0.06
1536 0.06
1537 0.05
1538 0.05
1539 0.04
1540 0.04
1541 0.04
1542 0.04
1543 0.04
1544 0.04
1545 0.04
1546 0.04
1547 0.04
1548 0.04
1549 0.05
1550 0.05
1551 0.05
1552 0.05
1553 0.05
1554 0.05
1555 0.05
1556 0.05
1557 0.05
1558 0.05
1559 0.05
1560 0.05
1561 0.05
1562 0.05
1563 0.05
1564 0.05
1565 0.05
1566 0.05
1567 0.05
1568 0.05
1569 0.05
1570 0.05
1571 0.05
1572 0.05
1573 0.05
1574 0.04
1575 0.04
1576 0.04
1577 0.04
1578 0.04
1579 0.04
1580 0.04
1581 0.05
1582 0.05
1583 0.04
1584 0.04
1585 0.04
1586 0.04
1587 0.03
1588 0.03
1589 0.03
1590 0.04
1591 0.04
1592 0.04
1593 0.04
1594 0.04
1595 0.04
1596 0.04
1597 0.03
1598 0.03
1599 0.03
1600 0.03
1601 0.03
1602 0.03
1603 0.03
1604 0.03
1605 0.03
1606 0.03
1607 0.03
1608 0.03
1609 0.03
1610 0.03
1611 0.03
1612 0.03
1613 0.03
1614 0.03
1615 0.03
1616 0.03
1617 0.03
1618 0.03
1619 0.03
1620 0.03
1621 0.03
1622 0.03
1623 0.03
1624 0.03
1625 0.03
1626 0.03
1627 0.03
1628 0.03
1629 0.03
1630 0.03
1631 0.03
1632 0.03
1633 0.03
1634 0.03
1635 0.03
1636 0.03
1637 0.03
1638 0.03
1639 0.03
1640 0.03
1641 0.03
1642 0.03
1643 0.03
1644 0.03
1645 0.03
1646 0.03
1647 0.03
1648 0.03
1649 0.02
1650 0.02
1651 0.02
1652 0.02
1653 0.02
1654 0.02
1655 0.02
1656 0.02
1657 0.02
1658 0.02
1659 0.02
1660 0.02
1661 0.02
1662 0.02
1663 0.02
1664 0.02
1665 0.02
1666 0.02
1667 0.02
1668 0.02
1669 0.02
1670 0.02
1671 0.02
1672 0.02
1673 0.02
1674 0.02
1675 0.02
1676 0.02
1677 0.02
1678 0.02
1679 0.02
1680 0.02
1681 0.01
1682 0.01
1683 0.01
1684 0.01
1685 0.01
1686 0.01
1687 0.01
1688 0.01
1689 0.01
1690 0.0
1691 0.0
1692 0.0
1693 0.0
1694 0.0
1695 0.0
1696 0.0
1697 0.0
1698 0.0
1699 0.0
1700 0.0
1701 0.0
1702 0.0
1703 0.0
1704 0.0
1705 0.0
1706 0.0
1707 0.0
1708 0.0
1709 0.0
1710 0.0
1711 0.0
1712 0.0
1713 0.0
1714 0.0
1715 0.0
1716 0.0
1717 0.0
1718 0.0
1719 0.0
1720 0.0
1721 0.0
1722 0.0
1723 0.0
1724 0.0
1725 0.0
1726 0.0
1727 0.01
1728 0.01
1729 0.01
1730 0.01
1731 0.01
1732 0.01
1733 0.01
1734 0.01
1735 0.01
1736 0.01
1737 0.01
1738 0.01
1739 0.01
1740 0.01
1741 0.01
1742 0.01
1743 0.01
1744 0.01
1745 0.01
1746 0.01
1747 0.01
1748 0.01
1749 0.01
1750 0.01
1751 0.01
1752 0.01
1753 0.01
1754 0.01
1755 0.01
1756 0.01
1757 0.01
1758 0.01
1759 0.01
1760 0.01
1761 0.01
1762 0.02
1763 0.02
1764 0.02
1765 0.02
1766 0.02
1767 0.02
1768 0.02
1769 0.02
1770 0.02
1771 0.02
1772 0.02
1773 0.02
1774 0.02
1775 0.02
1776 0.02
1777 0.02
1778 0.02
1779 0.02
1780 0.02
1781 0.02
1782 0.02
1783 0.02
1784 0.02
1785 0.02
1786 0.02
1787 0.02
1788 0.02
1789 0.02
1790 0.02
1791 0.02
1792 0.02
1793 0.02
1794 0.02
1795 0.02
1796 0.02
1797 0.02
1798 0.02
1799 0.02
1800 0.02
1801 0.02
1802 0.02
1803 0.02
1804 0.02
1805 0.02
1806 0.02
1807 0.02
1808 0.02
1809 0.02
1810 0.02
1811 0.02
1812 0.02
1813 0.02
1814 0.02
1815 0.02
1816 0.02
1817 0.02
1818 0.02
1819 0.02
1820 0.02
1821 0.02
1822 0.02
1823 0.02
1824 0.02
1825 0.02
1826 0.02
1827 0.01
1828 0.01
1829 0.01
1830 0.01
1831 0.01
1832 0.01
1833 0.01
1834 0.01
1835 0.01
1836 0.01
1837 0.01
1838 0.01
1839 0.01
1840 0.01
1841 0.01
1842 0.01
1843 0.01
1844 0.01
1845 0.01
1846 0.01
1847 0.01
1848 0.01
1849 0.01
1850 0.01
1851 0.01
1852 0.01
1853 0.01
1854 0.01
1855 0.01
1856 0.01
1857 0.01
1858 0.01
1859 0.01
1860 0.01
1861 0.01
1862 0.0
1863 0.0
1864 0.0
1865 0.0
1866 0.0
1867 0.0
1868 0.0
1869 0.0
1870 0.0
1871 0.0
1872 0.0
1873 0.0
1874 0.0
1875 0.0
1876 0.0
1877 0.0
1878 0.0
1879 0.0
1880 0.0
1881 0.0
1882 0.0
1883 0.0
1884 0.0
1885 0.0
1886 0.0
1887 0.0
1888 0.0
1889 0.0
1890 0.0
1891 0.0
1892 0.0
1893 0.0
1894 0.0
1895 0.0
1896 0.0
1897 0.0
1898 0.0
1899 0.0
1900 0.0
1901 0.0
1902 0.0
1903 0.0
1904 0.0
1905 0.0
1906 0.0
1907 0.0
1908 0.0
1909 0.0
1910 0.0
1911 0.0
1912 0.0
1913 0.0
1914 0.0
1915 0.0
1916 0.0
1917 0.0
1918 0.0
1919 0.0
1920 0.0
1921 0.0
1922 0.0
1923 0.0
1924 0.0
1925 0.0
1926 0.0
1927 0.0
1928 0.0
1929 0.0
1930 0.0
1931 0.0
1932 0.0
1933 0.0
1934 0.0
1935 0.0
1936 0.0
1937 0.0
1938 0.0
1939 0.0
1940 0.0
1941 0.0
1942 0.0
1943 0.0
1944 0.0
1945 0.0
1946 0.0
1947 0.0
1948 0.0
1949 0.0
1950 0.0
1951 0.0
1952 0.0
1953 0.0
1954 0.0
1955 0.0
1956 0.0
1957 0.0
1958 0.0
1959 0.0
1960 0.0
1961 0.0
1962 0.0
1963 0.0
1964 0.0
1965 0.0
1966 0.0
1967 0.0
1968 0.0
1969 0.0
1970 0.01
1971 0.01
1972 0.01
1973 0.01
1974 0.01
1975 0.01
1976 0.01
1977 0.01
1978 0.01
1979 0.01
1980 0.01
1981 0.01
1982 0.01
1983 0.01
1984 0.01
1985 0.01
1986 0.01
1987 0.01
1988 0.01
1989 0.01
1990 0.01
1991 0.01
1992 0.01
1993 0.01
1994 0.01
1995 0.01
1996 0.01
1997 0.01
1998 0.01
1999 0.01
2000 0.01
2001 0.01
2002 0.01
2003 0.01
2004 0.01
2005 0.01
2006 0.01
2007 0.01
2008 0.02
2009 0.02
2010 0.02
2011 0.02
2012 0.02
2013 0.02
2014 0.03
2015 0.03
2016 0.03
2017 0.03
2018 0.04
2019 0.04
2020 0.04
2021 0.04
2022 0.04
2023 0.04
2024 0.04
2025 0.04
2026 0.04
2027 0.04
2028 0.04
2029 0.04
2030 0.04
2031 0.04
2032 0.04
2033 0.04
2034 0.04
2035 0.04
2036 0.04
2037 0.05
2038 0.05
2039 0.05
2040 0.05
2041 0.05
2042 0.05
2043 0.05
2044 0.05
2045 0.06
2046 0.06
2047 0.06
2048 0.06
2049 0.06
2050 0.06
2051 0.06
2052 0.06
2053 0.06
2054 0.06
2055 0.06
2056 0.06
2057 0.06
2058 0.07
2059 0.07
2060 0.07
2061 0.07
2062 0.07
2063 0.07
2064 0.07
2065 0.07
2066 0.07
2067 0.07
2068 0.07
2069 0.07
2070 0.06
2071 0.07
2072 0.07
2073 0.07
2074 0.07
2075 0.07
2076 0.07
2077 0.07
2078 0.07
2079 0.07
2080 0.07
2081 0.07
2082 0.07
2083 0.07
2084 0.07
2085 0.07
2086 0.07
2087 0.07
2088 0.07
2089 0.07
2090 0.07
2091 0.07
2092 0.07
2093 0.07
2094 0.07
2095 0.07
2096 0.07
2097 0.07
2098 0.07
2099 0.07
2100 0.07
2101 0.07
2102 0.07
2103 0.07
2104 0.07
2105 0.07
2106 0.07
2107 0.07
2108 0.06
2109 0.06
2110 0.06
2111 0.06
2112 0.06
2113 0.06
2114 0.06
2115 0.06
2116 0.07
2117 0.07
2118 0.06
2119 0.06
2120 0.06
2121 0.06
2122 0.06
2123 0.06
2124 0.06
2125 0.06
2126 0.06
2127 0.06
2128 0.06
2129 0.07
2130 0.08
2131 0.08
2132 0.08
2133 0.08
2134 0.08
2135 0.08
2136 0.08
2137 0.07
2138 0.07
2139 0.07
2140 0.07
2141 0.07
2142 0.08
2143 0.08
2144 0.09
2145 0.08
2146 0.09
2147 0.09
2148 0.09
2149 0.09
2150 0.09
2151 0.09
2152 0.09
2153 0.09
2154 0.09
2155 0.09
2156 0.09
2157 0.09
2158 0.08
2159 0.08
2160 0.08
2161 0.08
2162 0.08
2163 0.08
2164 0.08
2165 0.08
2166 0.08
2167 0.08
2168 0.08
2169 0.08
2170 0.08
2171 0.08
2172 0.08
2173 0.08
2174 0.08
2175 0.08
2176 0.08
2177 0.08
2178 0.08
2179 0.09
2180 0.09
2181 0.09
2182 0.09
2183 0.09
2184 0.09
2185 0.09
2186 0.09
2187 0.09
2188 0.09
2189 0.09
2190 0.09
2191 0.09
2192 0.09
2193 0.1
2194 0.11
2195 0.11
2196 0.11
2197 0.11
2198 0.11
2199 0.11
2200 0.12
2201 0.12
2202 0.12
2203 0.12
2204 0.12
2205 0.12
2206 0.12
2207 0.12
2208 0.12
2209 0.12
2210 0.12
2211 0.12
2212 0.12
2213 0.12
2214 0.11
2215 0.11
2216 0.1
2217 0.1
2218 0.1
2219 0.1
2220 0.1
2221 0.11
2222 0.11
2223 0.11
2224 0.11
2225 0.11
2226 0.11
2227 0.11
2228 0.11
2229 0.1
2230 0.1
2231 0.1
2232 0.1
2233 0.1
2234 0.1
2235 0.1
2236 0.1
2237 0.1
2238 0.1
2239 0.1
2240 0.1
2241 0.1
2242 0.09
2243 0.09
2244 0.08
2245 0.08
2246 0.07
2247 0.07
2248 0.07
2249 0.07
2250 0.07
2251 0.07
2252 0.07
2253 0.07
2254 0.07
2255 0.07
2256 0.07
2257 0.07
2258 0.07
2259 0.07
2260 0.07
2261 0.07
2262 0.07
2263 0.07
2264 0.07
2265 0.07
2266 0.07
2267 0.07
2268 0.07
2269 0.07
2270 0.07
2271 0.06
2272 0.06
2273 0.06
2274 0.06
2275 0.06
2276 0.06
2277 0.06
2278 0.06
2279 0.05
2280 0.05
2281 0.05
2282 0.05
2283 0.05
2284 0.05
2285 0.05
2286 0.05
2287 0.05
2288 0.05
2289 0.05
2290 0.05
2291 0.05
2292 0.05
2293 0.04
2294 0.03
2295 0.03
2296 0.03
2297 0.03
2298 0.03
2299 0.04
2300 0.03
2301 0.03
2302 0.03
2303 0.03
2304 0.03
2305 0.04
2306 0.04
2307 0.04
2308 0.04
2309 0.04
2310 0.04
2311 0.04
2312 0.04
2313 0.05
2314 0.05
2315 0.05
2316 0.05
2317 0.05
2318 0.05
2319 0.06
2320 0.06
2321 0.05
2322 0.05
2323 0.05
2324 0.05
2325 0.05
2326 0.05
2327 0.06
2328 0.06
2329 0.06
2330 0.05
2331 0.05
2332 0.05
2333 0.05
2334 0.05
2335 0.05
2336 0.05
2337 0.05
2338 0.05
2339 0.05
2340 0.05
2341 0.05
2342 0.05
2343 0.05
2344 0.05
2345 0.05
2346 0.05
2347 0.05
2348 0.05
2349 0.05
2350 0.05
2351 0.05
2352 0.05
2353 0.05
2354 0.05
2355 0.05
2356 0.05
2357 0.05
2358 0.05
2359 0.05
2360 0.05
2361 0.05
2362 0.05
2363 0.05
2364 0.05
2365 0.05
2366 0.05
2367 0.05
2368 0.05
2369 0.05
2370 0.05
2371 0.05
2372 0.05
2373 0.05
2374 0.05
2375 0.05
2376 0.05
2377 0.05
2378 0.05
2379 0.05
2380 0.05
2381 0.05
2382 0.05
2383 0.06
2384 0.06
2385 0.06
2386 0.06
2387 0.06
2388 0.06
2389 0.06
2390 0.06
2391 0.06
2392 0.06
2393 0.06
2394 0.06
2395 0.06
2396 0.06
2397 0.06
2398 0.06
2399 0.05
2400 0.05
2401 0.05
2402 0.05
2403 0.05
2404 0.05
2405 0.04
2406 0.04
2407 0.04
2408 0.04
2409 0.04
2410 0.04
2411 0.04
2412 0.04
2413 0.03
2414 0.03
2415 0.03
2416 0.03
2417 0.03
2418 0.03
2419 0.02
2420 0.02
2421 0.02
2422 0.02
2423 0.02
2424 0.02
2425 0.02
2426 0.02
2427 0.01
2428 0.01
2429 0.01
2430 0.01
2431 0.01
2432 0.01
2433 0.01
2434 0.01
2435 0.01
2436 0.01
2437 0.01
2438 0.01
2439 0.01
2440 0.01
2441 0.01
2442 0.01
2443 0.01
2444 0.01
2445 0.01
2446 0.01
2447 0.01
2448 0.01
2449 0.01
2450 0.01
2451 0.01
2452 0.01
2453 0.01
2454 0.01
2455 0.01
2456 0.01
2457 0.01
2458 0.01
2459 0.01
2460 0.01
2461 0.01
2462 0.01
2463 0.01
2464 0.01
2465 0.01
2466 0.01
2467 0.01
2468 0.01
2469 0.01
2470 0.01
2471 0.01
2472 0.01
2473 0.01
2474 0.01
2475 0.01
2476 0.01
2477 0.01
2478 0.01
2479 0.01
2480 0.01
2481 0.01
2482 0.01
2483 0.0
2484 0.0
2485 0.0
2486 0.0
2487 0.0
2488 0.0
2489 0.0
2490 0.0
2491 0.0
2492 0.01
2493 0.01
2494 0.01
2495 0.01
2496 0.01
2497 0.01
2498 0.01
2499 0.01
2500 0.01
2501 0.01
2502 0.01
2503 0.01
2504 0.01
2505 0.01
2506 0.01
2507 0.01
2508 0.01
2509 0.01
2510 0.01
2511 0.01
2512 0.01
2513 0.01
2514 0.01
2515 0.01
2516 0.01
2517 0.01
2518 0.01
2519 0.01
2520 0.01
2521 0.01
2522 0.01
2523 0.01
2524 0.01
2525 0.01
2526 0.01
2527 0.01
2528 0.01
2529 0.01
2530 0.01
2531 0.01
2532 0.01
2533 0.01
2534 0.01
2535 0.01
2536 0.01
2537 0.01
2538 0.02
2539 0.02
2540 0.02
2541 0.02
2542 0.02
2543 0.02
2544 0.02
2545 0.02
2546 0.02
2547 0.02
2548 0.02
2549 0.02
2550 0.02
2551 0.02
2552 0.02
2553 0.02
2554 0.02
2555 0.02
2556 0.02
2557 0.02
2558 0.02
2559 0.02
2560 0.02
2561 0.02
2562 0.02
2563 0.02
2564 0.02
2565 0.02
2566 0.02
2567 0.02
2568 0.02
2569 0.02
2570 0.02
2571 0.02
2572 0.02
2573 0.02
2574 0.02
2575 0.02
2576 0.02
2577 0.02
2578 0.02
2579 0.02
2580 0.02
2581 0.02
2582 0.02
2583 0.02
2584 0.02
2585 0.02
2586 0.02
2587 0.02
2588 0.02
2589 0.02
2590 0.02
2591 0.02
2592 0.01
2593 0.01
2594 0.01
2595 0.01
2596 0.01
2597 0.01
2598 0.01
2599 0.01
2600 0.01
2601 0.01
2602 0.01
2603 0.01
2604 0.01
2605 0.01
2606 0.01
2607 0.01
2608 0.01
2609 0.01
2610 0.01
2611 0.01
2612 0.01
2613 0.01
2614 0.01
2615 0.01
2616 0.01
2617 0.01
2618 0.01
2619 0.01
2620 0.01
2621 0.01
2622 0.01
2623 0.01
2624 0.01
2625 0.01
2626 0.01
2627 0.01
2628 0.01
2629 0.01
2630 0.01
2631 0.01
2632 0.01
2633 0.01
2634 0.01
2635 0.01
2636 0.01
2637 0.01
2638 0.0
2639 0.0
2640 0.0
2641 0.0
2642 0.0
2643 0.0
2644 0.0
2645 0.0
2646 0.0
2647 0.0
2648 0.0
2649 0.0
2650 0.0
2651 0.0
2652 0.0
2653 0.0
2654 0.0
2655 0.0
2656 0.0
2657 0.0
2658 0.0
2659 0.0
2660 0.0
2661 0.0
2662 0.0
2663 0.0
2664 0.0
2665 0.0
2666 0.0
2667 0.0
2668 0.0
2669 0.0
2670 0.0
2671 0.0
2672 0.0
2673 0.0
2674 0.0
2675 0.0
2676 0.0
2677 0.0
2678 0.0
2679 0.0
2680 0.0
2681 0.0
2682 0.0
2683 0.0
2684 0.0
2685 0.0
2686 0.0
2687 0.0
2688 0.0
2689 0.0
2690 0.0
2691 0.0
2692 0.0
2693 0.0
2694 0.0
2695 0.0
2696 0.0
2697 0.0
2698 0.0
2699 0.0
2700 0.0
2701 0.0
2702 0.0
2703 0.0
2704 0.0
2705 0.0
2706 0.0
2707 0.0
2708 0.0
2709 0.0
2710 0.0
2711 0.0
2712 0.0
2713 0.0
2714 0.0
2715 0.0
2716 0.0
2717 0.0
2718 0.0
2719 0.0
2720 0.0
2721 0.0
2722 0.0
2723 0.0
2724 0.0
2725 0.0
2726 0.0
2727 0.0
2728 0.0
2729 0.0
2730 0.0
2731 0.0
2732 0.0
2733 0.01
2734 0.01
2735 0.01
2736 0.01
2737 0.01
2738 0.02
2739 0.02
2740 0.02
2741 0.02
2742 0.02
2743 0.02
2744 0.02
2745 0.02
2746 0.02
2747 0.02
2748 0.02
2749 0.02
2750 0.02
2751 0.02
2752 0.02
2753 0.02
2754 0.02
2755 0.02
2756 0.02
2757 0.02
2758 0.02
2759 0.02
2760 0.02
2761 0.02
2762 0.02
2763 0.02
2764 0.02
2765 0.02
2766 0.02
2767 0.02
2768 0.02
2769 0.02
2770 0.02
2771 0.02
2772 0.02
2773 0.02
2774 0.02
2775 0.02
2776 0.02
2777 0.02
2778 0.02
2779 0.02
2780 0.02
2781 0.02
