1 0
2 0
3 0
4 0
5 0
6 0
7 0
8 0
9 0
10 0
11 0
12 0
13 0
14 0
15 0
16 0
17 0
18 0
19 0
20 0
21 0
22 0
23 0
24 0
25 0
26 0
27 0
28 0
29 0
30 0
31 0
32 0
33 0
34 0
35 0
36 0
37 0
38 0
39 0
40 0
41 0
42 0
43 0
44 0
45 0
46 0
47 0
48 0
49 0
50 0
51 0
52 0
53 0
54 0
55 0
56 0
57 0
58 0
59 0
60 0
61 0
62 0
63 0
64 0
65 0
66 0
67 0
68 0
69 0
70 0
71 0
72 0
73 0
74 0
75 0
76 0
77 0
78 0
79 0
80 0
81 0
82 0
83 0
84 0
85 0
86 0
87 0
88 0
89 0
90 0
91 0
92 0
93 0
94 0
95 0
96 0
97 0
98 0
99 0
100 0
101 0.0
102 0.0
103 0.0
104 0.0
105 0.0
106 0.0
107 0.0
108 0.0
109 0.0
110 0.0
111 0.0
112 0.0
113 0.0
114 0.01
115 0.01
116 0.01
117 0.02
118 0.02
119 0.02
120 0.02
121 0.02
122 0.02
123 0.02
124 0.02
125 0.03
126 0.03
127 0.03
128 0.03
129 0.03
130 0.03
131 0.04
132 0.04
133 0.04
134 0.04
135 0.04
136 0.04
137 0.04
138 0.04
139 0.04
140 0.04
141 0.04
142 0.04
143 0.04
144 0.04
145 0.05
146 0.05
147 0.05
148 0.05
149 0.05
150 0.05
151 0.05
152 0.06
153 0.06
154 0.06
155 0.06
156 0.06
157 0.06
158 0.06
159 0.06
160 0.06
161 0.06
162 0.06
163 0.06
164 0.06
165 0.06
166 0.06
167 0.06
168 0.06
169 0.06
170 0.06
171 0.06
172 0.06
173 0.06
174 0.06
175 0.06
176 0.06
177 0.06
178 0.06
179 0.06
180 0.06
181 0.06
182 0.06
183 0.06
184 0.06
185 0.06
186 0.06
187 0.06
188 0.06
189 0.06
190 0.06
191 0.06
192 0.06
193 0.06
194 0.06
195 0.06
196 0.06
197 0.06
198 0.06
199 0.06
200 0.06
201 0.06
202 0.06
203 0.07
204 0.07
205 0.07
206 0.07
207 0.07
208 0.07
209 0.07
210 0.07
211 0.07
212 0.07
213 0.07
214 0.06
215 0.06
216 0.06
217 0.05
218 0.05
219 0.06
220 0.06
221 0.06
222 0.06
223 0.06
224 0.06
225 0.05
226 0.05
227 0.05
228 0.05
229 0.05
230 0.05
231 0.04
232 0.04
233 0.04
234 0.04
235 0.04
236 0.04
237 0.04
238 0.04
239 0.04
240 0.04
241 0.04
242 0.04
243 0.04
244 0.04
245 0.03
246 0.03
247 0.03
248 0.03
249 0.03
250 0.04
251 0.04
252 0.03
253 0.03
254 0.03
255 0.03
256 0.03
257 0.04
258 0.04
259 0.04
260 0.05
261 0.05
262 0.05
263 0.05
264 0.05
265 0.05
266 0.05
267 0.06
268 0.06
269 0.06
270 0.06
271 0.06
272 0.06
273 0.07
274 0.07
275 0.07
276 0.07
277 0.07
278 0.07
279 0.07
280 0.07
281 0.07
282 0.07
283 0.07
284 0.07
285 0.07
286 0.07
287 0.07
288 0.07
289 0.08
290 0.08
291 0.08
292 0.08
293 0.08
294 0.08
295 0.08
296 0.08
297 0.09
298 0.1
299 0.1
300 0.1
301 0.1
302 0.1
303 0.09
304 0.09
305 0.09
306 0.09
307 0.09
308 0.09
309 0.09
310 0.09
311 0.09
312 0.09
313 0.09
314 0.09
315 0.09
316 0.09
317 0.09
318 0.09
319 0.08
320 0.08
321 0.09
322 0.09
323 0.09
324 0.09
325 0.09
326 0.09
327 0.09
328 0.09
329 0.09
330 0.09
331 0.1
332 0.1
333 0.1
334 0.1
335 0.1
336 0.1
337 0.1
338 0.1
339 0.1
340 0.1
341 0.1
342 0.1
343 0.1
344 0.1
345 0.1
346 0.1
347 0.1
348 0.1
349 0.1
350 0.09
351 0.09
352 0.09
353 0.09
354 0.09
355 0.09
356 0.1
357 0.09
358 0.09
359 0.1
360 0.09
361 0.09
362 0.09
363 0.09
364 0.09
365 0.09
366 0.09
367 0.08
368 0.09
369 0.09
370 0.09
371 0.09
372 0.09
373 0.08
374 0.08
375 0.09
376 0.09
377 0.09
378 0.09
379 0.09
380 0.09
381 0.09
382 0.09
383 0.09
384 0.09
385 0.09
386 0.09
387 0.09
388 0.09
389 0.08
390 0.08
391 0.08
392 0.08
393 0.08
394 0.08
395 0.08
396 0.09
397 0.08
398 0.07
399 0.07
400 0.07
401 0.07
402 0.07
403 0.07
404 0.07
405 0.07
406 0.07
407 0.07
408 0.07
409 0.07
410 0.07
411 0.07
412 0.07
413 0.07
414 0.07
415 0.07
416 0.07
417 0.07
418 0.07
419 0.07
420 0.07
421 0.06
422 0.06
423 0.06
424 0.06
425 0.06
426 0.07
427 0.07
428 0.07
429 0.08
430 0.08
431 0.07
432 0.07
433 0.07
434 0.07
435 0.07
436 0.07
437 0.07
438 0.08
439 0.08
440 0.08
441 0.08
442 0.08
443 0.08
444 0.08
445 0.08
446 0.08
447 0.08
448 0.08
449 0.08
450 0.08
451 0.09
452 0.09
453 0.09
454 0.1
455 0.1
456 0.09
457 0.09
458 0.1
459 0.09
460 0.09
461 0.09
462 0.09
463 0.09
464 0.1
465 0.1
466 0.1
467 0.1
468 0.09
469 0.09
470 0.09
471 0.09
472 0.09
473 0.1
474 0.11
475 0.1
476 0.1
477 0.11
478 0.12
479 0.13
480 0.13
481 0.13
482 0.14
483 0.15
484 0.15
485 0.15
486 0.15
487 0.15
488 0.15
489 0.15
490 0.15
491 0.15
492 0.16
493 0.16
494 0.16
495 0.17
496 0.16
497 0.16
498 0.16
499 0.17
500 0.17
501 0.18
502 0.18
503 0.18
504 0.19
505 0.19
506 0.19
507 0.19
508 0.2
509 0.2
510 0.2
511 0.21
512 0.22
513 0.22
514 0.22
515 0.22
516 0.22
517 0.22
518 0.22
519 0.22
520 0.22
521 0.22
522 0.23
523 0.23
524 0.24
525 0.24
526 0.23
527 0.23
528 0.24
529 0.23
530 0.23
531 0.24
532 0.24
533 0.25
534 0.26
535 0.27
536 0.27
537 0.27
538 0.26
539 0.26
540 0.26
541 0.26
542 0.26
543 0.26
544 0.26
545 0.26
546 0.26
547 0.26
548 0.26
549 0.26
550 0.26
551 0.25
552 0.25
553 0.26
554 0.25
555 0.26
556 0.26
557 0.27
558 0.26
559 0.26
560 0.26
561 0.26
562 0.27
563 0.27
564 0.26
565 0.26
566 0.26
567 0.26
568 0.26
569 0.26
570 0.27
571 0.27
572 0.28
573 0.27
574 0.27
575 0.27
576 0.27
577 0.26
578 0.25
579 0.25
580 0.25
581 0.25
582 0.25
583 0.25
584 0.25
585 0.25
586 0.26
587 0.26
588 0.27
589 0.28
590 0.28
591 0.28
592 0.28
593 0.28
594 0.28
595 0.27
596 0.27
597 0.27
598 0.27
599 0.26
600 0.27
601 0.26
602 0.26
603 0.26
604 0.25
605 0.25
606 0.25
607 0.26
608 0.26
609 0.26
610 0.26
611 0.25
612 0.24
613 0.24
614 0.24
615 0.24
616 0.25
617 0.25
618 0.25
619 0.26
620 0.26
621 0.27
622 0.27
623 0.27
624 0.27
625 0.27
626 0.27
627 0.27
628 0.26
629 0.27
630 0.28
631 0.28
632 0.28
633 0.27
634 0.26
635 0.25
636 0.26
637 0.26
638 0.26
639 0.27
640 0.27
641 0.28
642 0.28
643 0.28
644 0.28
645 0.29
646 0.29
647 0.3
648 0.31
649 0.31
650 0.31
651 0.31
652 0.31
653 0.3
654 0.31
655 0.31
656 0.31
657 0.3
658 0.31
659 0.31
660 0.31
661 0.31
662 0.3
663 0.31
664 0.31
665 0.31
666 0.31
667 0.31
668 0.31
669 0.32
670 0.31
671 0.31
672 0.3
673 0.31
674 0.3
675 0.3
676 0.3
677 0.3
678 0.3
679 0.29
680 0.29
681 0.3
682 0.29
683 0.28
684 0.29
685 0.29
686 0.28
687 0.28
688 0.27
689 0.27
690 0.27
691 0.27
692 0.26
693 0.26
694 0.26
695 0.26
696 0.26
697 0.26
698 0.27
699 0.27
700 0.26
701 0.26
702 0.26
703 0.26
704 0.26
705 0.26
706 0.27
707 0.26
708 0.25
709 0.25
710 0.25
711 0.26
712 0.26
713 0.27
714 0.28
715 0.28
716 0.27
717 0.27
718 0.27
719 0.26
720 0.26
721 0.26
722 0.26
723 0.27
724 0.27
725 0.28
726 0.28
727 0.29
728 0.29
729 0.28
730 0.28
731 0.27
732 0.28
733 0.29
734 0.3
735 0.3
736 0.29
737 0.3
738 0.3
739 0.29
740 0.3
741 0.29
742 0.3
743 0.3
744 0.31
745 0.3
746 0.3
747 0.29
748 0.28
749 0.28
750 0.28
751 0.29
752 0.29
753 0.29
754 0.28
755 0.28
756 0.28
757 0.28
758 0.27
759 0.27
760 0.28
761 0.28
762 0.28
763 0.27
764 0.27
765 0.28
766 0.28
767 0.28
768 0.28
769 0.28
770 0.28
771 0.29
772 0.29
773 0.28
774 0.28
775 0.28
776 0.28
777 0.28
778 0.28
779 0.28
780 0.29
781 0.29
782 0.29
783 0.29
784 0.28
785 0.28
786 0.28
787 0.28
788 0.28
789 0.27
790 0.27
791 0.28
792 0.28
793 0.28
794 0.28
795 0.28
796 0.28
797 0.29
798 0.28
799 0.28
800 0.28
801 0.28
802 0.29
803 0.29
804 0.29
805 0.29
806 0.29
807 0.3
808 0.3
809 0.3
810 0.3
811 0.3
812 0.31
813 0.3
814 0.3
815 0.3
816 0.3
817 0.3
818 0.31
819 0.31
820 0.31
821 0.3
822 0.3
823 0.3
824 0.29
825 0.28
826 0.28
827 0.27
828 0.27
829 0.28
830 0.27
831 0.27
832 0.26
833 0.25
834 0.24
835 0.24
836 0.24
837 0.24
838 0.24
839 0.24
840 0.23
841 0.24
842 0.24
843 0.25
844 0.25
845 0.26
846 0.26
847 0.26
848 0.26
849 0.27
850 0.27
851 0.26
852 0.27
853 0.27
854 0.27
855 0.27
856 0.28
857 0.28
858 0.29
859 0.29
860 0.29
861 0.29
862 0.3
863 0.3
864 0.3
865 0.29
866 0.3
867 0.3
868 0.3
869 0.29
870 0.3
871 0.3
872 0.3
873 0.31
874 0.31
875 0.31
876 0.31
877 0.31
878 0.31
879 0.31
880 0.3
881 0.29
882 0.29
883 0.3
884 0.31
885 0.32
886 0.32
887 0.33
888 0.33
889 0.33
890 0.33
891 0.32
892 0.33
893 0.33
894 0.34
895 0.34
896 0.35
897 0.35
898 0.36
899 0.37
900 0.37
901 0.37
902 0.36
903 0.36
904 0.36
905 0.37
906 0.36
907 0.35
908 0.36
909 0.36
910 0.37
911 0.37
912 0.36
913 0.37
914 0.36
915 0.36
916 0.36
917 0.37
918 0.37
919 0.37
920 0.38
921 0.38
922 0.37
923 0.36
924 0.36
925 0.36
926 0.37
927 0.37
928 0.37
929 0.37
930 0.37
931 0.38
932 0.39
933 0.39
934 0.4
935 0.4
936 0.4
937 0.4
938 0.4
939 0.4
940 0.41
941 0.4
942 0.4
943 0.39
944 0.38
945 0.37
946 0.37
947 0.38
948 0.39
949 0.38
950 0.38
951 0.39
952 0.39
953 0.4
954 0.41
955 0.41
956 0.4
957 0.4
958 0.39
959 0.39
960 0.38
961 0.38
962 0.37
963 0.37
964 0.37
965 0.38
966 0.38
967 0.38
968 0.38
969 0.39
970 0.39
971 0.38
972 0.39
973 0.38
974 0.38
975 0.38
976 0.39
977 0.39
978 0.4
979 0.41
980 0.41
981 0.42
982 0.42
983 0.42
984 0.41
985 0.41
986 0.42
987 0.42
988 0.42
989 0.42
990 0.42
991 0.42
992 0.42
993 0.42
994 0.41
995 0.41
996 0.41
997 0.4
998 0.39
999 0.38
1000 0.38
1001 0.38
1002 0.38
1003 0.38
1004 0.38
1005 0.38
1006 0.39
1007 0.4
1008 0.39
1009 0.4
1010 0.39
1011 0.39
1012 0.4
1013 0.4
1014 0.4
1015 0.41
1016 0.41
1017 0.4
1018 0.39
1019 0.39
1020 0.38
1021 0.39
1022 0.39
1023 0.39
1024 0.4
1025 0.41
1026 0.4
1027 0.4
1028 0.4
1029 0.39
1030 0.39
1031 0.39
1032 0.38
1033 0.38
1034 0.37
1035 0.37
1036 0.37
1037 0.37
1038 0.38
1039 0.39
1040 0.39
1041 0.39
1042 0.39
1043 0.39
1044 0.39
1045 0.39
1046 0.39
1047 0.39
1048 0.38
1049 0.39
1050 0.4
1051 0.4
1052 0.39
1053 0.39
1054 0.38
1055 0.37
1056 0.37
1057 0.37
1058 0.37
1059 0.37
1060 0.38
1061 0.38
1062 0.38
1063 0.38
1064 0.38
1065 0.37
1066 0.36
1067 0.37
1068 0.38
1069 0.38
1070 0.37
1071 0.37
1072 0.36
1073 0.36
1074 0.36
1075 0.37
1076 0.37
1077 0.38
1078 0.38
1079 0.38
1080 0.38
1081 0.37
1082 0.37
1083 0.36
1084 0.36
1085 0.35
1086 0.35
1087 0.35
1088 0.35
1089 0.36
1090 0.36
1091 0.36
1092 0.35
1093 0.36
1094 0.36
1095 0.37
1096 0.37
1097 0.37
1098 0.38
1099 0.38
1100 0.39
1101 0.39
1102 0.39
1103 0.4
1104 0.4
1105 0.39
1106 0.39
1107 0.38
1108 0.39
1109 0.38
1110 0.38
1111 0.37
1112 0.37
1113 0.36
1114 0.37
1115 0.36
1116 0.36
1117 0.36
1118 0.36
1119 0.37
1120 0.37
1121 0.36
1122 0.36
1123 0.37
1124 0.36
1125 0.36
1126 0.37
1127 0.38
1128 0.38
1129 0.39
1130 0.4
1131 0.39
1132 0.39
1133 0.39
1134 0.39
1135 0.39
1136 0.39
1137 0.38
1138 0.38
1139 0.37
1140 0.37
1141 0.37
1142 0.36
1143 0.37
1144 0.37
1145 0.37
1146 0.38
1147 0.37
1148 0.37
1149 0.36
1150 0.35
1151 0.35
1152 0.35
1153 0.34
1154 0.34
1155 0.35
1156 0.36
1157 0.36
1158 0.37
1159 0.38
1160 0.37
1161 0.37
1162 0.37
1163 0.37
1164 0.37
1165 0.37
1166 0.38
1167 0.37
1168 0.36
1169 0.36
1170 0.36
1171 0.36
1172 0.37
1173 0.37
1174 0.38
1175 0.37
1176 0.36
1177 0.36
1178 0.35
1179 0.34
1180 0.35
1181 0.35
1182 0.36
1183 0.36
1184 0.36
1185 0.37
1186 0.36
1187 0.36
1188 0.36
1189 0.36
1190 0.36
1191 0.36
1192 0.36
1193 0.36
1194 0.36
1195 0.36
1196 0.35
1197 0.35
1198 0.34
1199 0.34
1200 0.33
1201 0.34
1202 0.35
1203 0.34
1204 0.35
1205 0.35
1206 0.34
1207 0.34
1208 0.34
1209 0.34
1210 0.35
1211 0.35
1212 0.34
1213 0.35
1214 0.34
1215 0.35
1216 0.36
1217 0.36
1218 0.36
1219 0.35
1220 0.35
1221 0.36
1222 0.36
1223 0.36
1224 0.37
1225 0.37
1226 0.36
1227 0.35
1228 0.35
1229 0.35
1230 0.35
1231 0.35
1232 0.35
1233 0.35
1234 0.36
1235 0.36
1236 0.36
1237 0.36
1238 0.35
1239 0.35
1240 0.34
1241 0.34
1242 0.34
1243 0.33
1244 0.33
1245 0.34
1246 0.34
1247 0.34
1248 0.35
1249 0.35
1250 0.35
1251 0.34
1252 0.34
1253 0.34
1254 0.34
1255 0.34
1256 0.33
1257 0.33
1258 0.32
1259 0.31
1260 0.31
1261 0.31
1262 0.31
1263 0.31
1264 0.31
1265 0.31
1266 0.3
1267 0.31
1268 0.31
1269 0.3
1270 0.31
1271 0.31
1272 0.3
1273 0.3
1274 0.3
1275 0.3
1276 0.3
1277 0.29
1278 0.3
1279 0.3
1280 0.29
1281 0.29
1282 0.29
1283 0.3
1284 0.31
1285 0.3
1286 0.3
1287 0.29
1288 0.3
1289 0.29
1290 0.3
1291 0.31
1292 0.31
1293 0.31
1294 0.31
1295 0.3
1296 0.3
1297 0.3
1298 0.31
1299 0.31
1300 0.31
1301 0.3
1302 0.29
1303 0.29
1304 0.29
1305 0.29
1306 0.3
1307 0.3
1308 0.29
1309 0.29
1310 0.28
1311 0.29
1312 0.29
1313 0.28
1314 0.28
1315 0.27
1316 0.26
1317 0.26
1318 0.26
1319 0.26
1320 0.26
1321 0.25
1322 0.25
1323 0.24
1324 0.23
1325 0.23
1326 0.23
1327 0.24
1328 0.25
1329 0.24
1330 0.23
1331 0.23
1332 0.24
1333 0.24
1334 0.24
1335 0.24
1336 0.24
1337 0.25
1338 0.26
1339 0.26
1340 0.26
1341 0.27
1342 0.28
1343 0.29
1344 0.29
1345 0.28
1346 0.28
1347 0.29
1348 0.28
1349 0.29
1350 0.3
1351 0.3
1352 0.31
1353 0.31
1354 0.31
1355 0.31
1356 0.31
1357 0.32
1358 0.33
1359 0.33
1360 0.34
1361 0.35
1362 0.35
1363 0.35
1364 0.35
1365 0.36
1366 0.36
1367 0.36
1368 0.36
1369 0.37
1370 0.36
1371 0.37
1372 0.37
1373 0.37
1374 0.37
1375 0.37
1376 0.37
1377 0.37
1378 0.36
1379 0.36
1380 0.36
1381 0.36
1382 0.35
1383 0.34
1384 0.34
1385 0.34
1386 0.35
1387 0.36
1388 0.35
1389 0.35
1390 0.35
1391 0.34
1392 0.34
1393 0.34
1394 0.34
1395 0.34
1396 0.34
1397 0.35
1398 0.35
1399 0.36
1400 0.37
1401 0.37
1402 0.38
1403 0.39
1404 0.38
1405 0.38
1406 0.38
1407 0.39
1408 0.39
1409 0.4
1410 0.4
1411 0.4
1412 0.41
1413 0.41
1414 0.41
1415 0.41
1416 0.42
1417 0.42
1418 0.43
1419 0.43
1420 0.43
1421 0.44
1422 0.45
1423 0.45
1424 0.45
1425 0.45
1426 0.45
1427 0.44
1428 0.43
1429 0.44
1430 0.44
1431 0.44
1432 0.44
1433 0.45
1434 0.44
1435 0.45
1436 0.45
1437 0.44
1438 0.43
1439 0.44
1440 0.44
1441 0.43
1442 0.43
1443 0.43
1444 0.43
1445 0.43
1446 0.42
1447 0.42
1448 0.42
1449 0.41
1450 0.4
1451 0.4
1452 0.4
1453 0.4
1454 0.4
1455 0.39
1456 0.39
1457 0.38
1458 0.37
1459 0.37
1460 0.36
1461 0.35
1462 0.35
1463 0.35
1464 0.35
1465 0.35
1466 0.35
1467 0.34
1468 0.35
1469 0.35
1470 0.35
1471 0.34
1472 0.34
1473 0.34
1474 0.33
1475 0.34
1476 0.34
1477 0.35
1478 0.35
1479 0.35
1480 0.35
1481 0.36
1482 0.36
1483 0.37
1484 0.36
1485 0.36
1486 0.36
1487 0.35
1488 0.36
1489 0.36
1490 0.36
1491 0.37
1492 0.38
1493 0.37
1494 0.38
1495 0.39
1496 0.39
1497 0.38
1498 0.37
1499 0.37
1500 0.36
1501 0.36
1502 0.35
1503 0.35
1504 0.35
1505 0.35
1506 0.35
1507 0.34
1508 0.34
1509 0.33
1510 0.33
1511 0.33
1512 0.32
1513 0.32
1514 0.32
1515 0.33
1516 0.33
1517 0.34
1518 0.34
1519 0.34
1520 0.34
1521 0.34
1522 0.34
1523 0.34
1524 0.34
1525 0.33
1526 0.33
1527 0.33
1528 0.34
1529 0.33
1530 0.34
1531 0.34
1532 0.33
1533 0.32
1534 0.32
1535 0.32
1536 0.32
1537 0.33
1538 0.33
1539 0.32
1540 0.32
1541 0.32
1542 0.31
1543 0.3
1544 0.3
1545 0.3
1546 0.3
1547 0.29
1548 0.29
1549 0.29
1550 0.29
1551 0.29
1552 0.28
1553 0.28
1554 0.28
1555 0.28
1556 0.28
1557 0.28
1558 0.28
1559 0.28
1560 0.28
1561 0.28
1562 0.29
1563 0.29
1564 0.3
1565 0.29
1566 0.3
1567 0.31
1568 0.31
1569 0.31
1570 0.31
1571 0.32
1572 0.32
1573 0.33
1574 0.33
1575 0.32
1576 0.32
1577 0.31
1578 0.32
1579 0.32
1580 0.33
1581 0.33
1582 0.33
1583 0.32
1584 0.32
1585 0.33
1586 0.32
1587 0.32
1588 0.31
1589 0.32
1590 0.31
1591 0.31
1592 0.31
1593 0.32
1594 0.31
1595 0.3
1596 0.31
1597 0.31
1598 0.31
1599 0.31
1600 0.31
1601 0.31
1602 0.31
1603 0.3
1604 0.3
1605 0.3
1606 0.3
1607 0.31
1608 0.32
1609 0.33
1610 0.33
1611 0.32
1612 0.32
1613 0.33
1614 0.33
1615 0.33
1616 0.32
1617 0.31
1618 0.3
1619 0.3
1620 0.3
1621 0.29
1622 0.28
1623 0.28
1624 0.29
1625 0.29
1626 0.29
1627 0.29
1628 0.28
1629 0.28
1630 0.27
1631 0.27
1632 0.27
1633 0.28
1634 0.28
1635 0.27
1636 0.27
1637 0.26
1638 0.26
1639 0.26
1640 0.26
1641 0.26
1642 0.27
1643 0.27
1644 0.27
1645 0.27
1646 0.27
1647 0.27
1648 0.27
1649 0.27
1650 0.27
1651 0.27
1652 0.28
1653 0.29
1654 0.29
1655 0.3
1656 0.3
1657 0.31
1658 0.31
1659 0.32
1660 0.32
1661 0.33
1662 0.32
1663 0.32
1664 0.31
1665 0.31
1666 0.3
1667 0.3
1668 0.29
1669 0.28
1670 0.29
1671 0.29
1672 0.3
1673 0.29
1674 0.29
1675 0.29
1676 0.3
1677 0.31
1678 0.3
1679 0.31
1680 0.3
1681 0.29
1682 0.3
1683 0.3
1684 0.31
1685 0.31
1686 0.32
1687 0.32
1688 0.33
1689 0.32
1690 0.32
1691 0.31
1692 0.31
1693 0.3
1694 0.3
1695 0.3
1696 0.3
1697 0.3
1698 0.3
1699 0.3
1700 0.3
1701 0.31
1702 0.32
1703 0.33
1704 0.34
1705 0.34
1706 0.33
1707 0.33
1708 0.32
1709 0.32
1710 0.33
1711 0.33
1712 0.33
1713 0.32
1714 0.33
1715 0.33
1716 0.34
1717 0.34
1718 0.35
1719 0.35
1720 0.36
1721 0.37
1722 0.38
1723 0.38
1724 0.37
1725 0.37
1726 0.37
1727 0.38
1728 0.39
1729 0.39
1730 0.4
1731 0.41
1732 0.42
1733 0.41
1734 0.41
1735 0.42
1736 0.42
1737 0.42
1738 0.42
1739 0.43
1740 0.43
1741 0.43
1742 0.43
1743 0.43
1744 0.43
1745 0.43
1746 0.43
1747 0.44
1748 0.44
1749 0.44
1750 0.44
1751 0.45
1752 0.44
1753 0.44
1754 0.44
1755 0.44
1756 0.44
1757 0.43
1758 0.43
1759 0.42
1760 0.42
1761 0.41
1762 0.41
1763 0.41
1764 0.41
1765 0.41
1766 0.41
1767 0.4
1768 0.4
1769 0.4
1770 0.4
1771 0.4
1772 0.4
1773 0.4
1774 0.4
1775 0.4
1776 0.39
1777 0.39
1778 0.39
1779 0.38
1780 0.38
1781 0.38
1782 0.37
1783 0.37
1784 0.36
1785 0.35
1786 0.35
1787 0.35
1788 0.35
1789 0.35
1790 0.36
1791 0.36
1792 0.35
1793 0.35
1794 0.35
1795 0.35
1796 0.34
1797 0.34
1798 0.34
1799 0.33
1800 0.33
1801 0.32
1802 0.31
1803 0.3
1804 0.3
1805 0.3
1806 0.31
1807 0.3
1808 0.3
1809 0.3
1810 0.29
1811 0.3
1812 0.3
1813 0.3
1814 0.29
1815 0.28
1816 0.27
1817 0.27
1818 0.26
1819 0.26
1820 0.25
1821 0.25
1822 0.24
1823 0.24
1824 0.24
1825 0.24
1826 0.25
1827 0.24
1828 0.24
1829 0.24
1830 0.23
1831 0.23
1832 0.22
1833 0.22
1834 0.22
1835 0.21
1836 0.21
1837 0.21
1838 0.22
1839 0.21
1840 0.21
1841 0.21
1842 0.2
1843 0.2
1844 0.2
1845 0.2
1846 0.21
1847 0.21
1848 0.21
1849 0.21
1850 0.22
1851 0.21
1852 0.22
1853 0.22
1854 0.23
1855 0.22
1856 0.23
1857 0.23
1858 0.24
1859 0.25
1860 0.25
1861 0.25
1862 0.25
1863 0.26
1864 0.26
1865 0.26
1866 0.27
1867 0.28
1868 0.28
1869 0.29
1870 0.28
1871 0.27
1872 0.26
1873 0.27
1874 0.27
1875 0.27
1876 0.28
1877 0.28
1878 0.28
1879 0.28
1880 0.28
1881 0.28
1882 0.28
1883 0.28
1884 0.28
1885 0.29
1886 0.29
1887 0.3
1888 0.29
1889 0.29
1890 0.28
1891 0.28
1892 0.28
1893 0.28
1894 0.28
1895 0.28
1896 0.28
1897 0.29
1898 0.29
1899 0.29
1900 0.29
1901 0.29
1902 0.29
1903 0.29
1904 0.29
1905 0.3
1906 0.29
1907 0.29
1908 0.3
1909 0.3
1910 0.3
1911 0.29
1912 0.3
1913 0.3
1914 0.3
1915 0.3
1916 0.31
1917 0.31
1918 0.31
1919 0.31
1920 0.32
1921 0.32
1922 0.32
1923 0.33
1924 0.33
1925 0.33
1926 0.32
1927 0.33
1928 0.33
1929 0.34
1930 0.34
1931 0.33
1932 0.33
1933 0.33
1934 0.33
1935 0.34
1936 0.35
1937 0.36
1938 0.36
1939 0.36
1940 0.37
1941 0.38
1942 0.38
1943 0.38
1944 0.38
1945 0.39
1946 0.38
1947 0.37
1948 0.38
1949 0.38
1950 0.38
1951 0.39
1952 0.38
1953 0.37
1954 0.37
1955 0.37
1956 0.36
1957 0.37
1958 0.36
1959 0.36
1960 0.37
1961 0.38
1962 0.38
1963 0.38
1964 0.39
1965 0.39
1966 0.39
1967 0.38
1968 0.39
1969 0.38
1970 0.39
1971 0.39
1972 0.39
1973 0.38
1974 0.38
1975 0.38
1976 0.37
1977 0.37
1978 0.37
1979 0.37
1980 0.38
1981 0.39
1982 0.4
1983 0.41
1984 0.42
1985 0.41
1986 0.4
1987 0.39
1988 0.39
1989 0.4
1990 0.41
1991 0.41
1992 0.42
1993 0.42
1994 0.42
1995 0.42
1996 0.43
1997 0.43
1998 0.44
1999 0.44
2000 0.45
2001 0.45
