1 0
2 0
3 0
4 0
5 0
6 0
7 0
8 0
9 0
10 0
11 0
12 0
13 0
14 0
15 0
16 0
17 0
18 0
19 0
20 0
21 0
22 0
23 0
24 0
25 0
26 0
27 0
28 0
29 0
30 0
31 0
32 0
33 0
34 0
35 0
36 0
37 0
38 0
39 0
40 0
41 0
42 0
43 0
44 0
45 0
46 0
47 0
48 0
49 0
50 0
51 0
52 0
53 0
54 0
55 0
56 0
57 0
58 0
59 0
60 0
61 0
62 0
63 0
64 0
65 0
66 0
67 0
68 0
69 0
70 0
71 0
72 0
73 0
74 0
75 0
76 0
77 0
78 0
79 0
80 0
81 0
82 0
83 0
84 0
85 0
86 0
87 0
88 0
89 0
90 0
91 0
92 0
93 0
94 0
95 0
96 0
97 0
98 0
99 0
100 0
101 0.0
102 0.0
103 0.0
104 0.0
105 0.0
106 0.0
107 0.0
108 0.0
109 0.0
110 0.0
111 0.0
112 0.0
113 0.0
114 0.0
115 0.0
116 0.0
117 0.0
118 0.0
119 0.0
120 0.0
121 0.0
122 0.0
123 0.0
124 0.0
125 0.0
126 0.0
127 0.0
128 0.0
129 0.0
130 0.0
131 0.0
132 0.0
133 0.0
134 0.0
135 0.0
136 0.0
137 0.0
138 0.0
139 0.0
140 0.0
141 0.0
142 0.0
143 0.0
144 0.0
145 0.0
146 0.0
147 0.0
148 0.0
149 0.0
150 0.0
151 0.0
152 0.0
153 0.0
154 0.0
155 0.0
156 0.0
157 0.0
158 0.0
159 0.0
160 0.0
161 0.0
162 0.0
163 0.0
164 0.0
165 0.0
166 0.0
167 0.0
168 0.0
169 0.0
170 0.0
171 0.0
172 0.0
173 0.0
174 0.0
175 0.0
176 0.0
177 0.0
178 0.0
179 0.0
180 0.0
181 0.0
182 0.0
183 0.0
184 0.0
185 0.0
186 0.0
187 0.0
188 0.0
189 0.0
190 0.0
191 0.0
192 0.0
193 0.0
194 0.0
195 0.0
196 0.0
197 0.0
198 0.0
199 0.0
200 0.0
201 0.0
202 0.0
203 0.0
204 0.0
205 0.0
206 0.0
207 0.0
208 0.01
209 0.01
210 0.01
211 0.01
212 0.01
213 0.01
214 0.01
215 0.01
216 0.01
217 0.01
218 0.01
219 0.01
220 0.01
221 0.01
222 0.01
223 0.01
224 0.01
225 0.01
226 0.01
227 0.01
228 0.01
229 0.01
230 0.01
231 0.01
232 0.01
233 0.01
234 0.01
235 0.01
236 0.02
237 0.02
238 0.02
239 0.02
240 0.02
241 0.02
242 0.02
243 0.02
244 0.02
245 0.02
246 0.03
247 0.03
248 0.03
249 0.03
250 0.03
251 0.03
252 0.03
253 0.03
254 0.03
255 0.03
256 0.03
257 0.03
258 0.03
259 0.03
260 0.03
261 0.03
262 0.03
263 0.03
264 0.03
265 0.03
266 0.03
267 0.03
268 0.03
269 0.03
270 0.03
271 0.04
272 0.04
273 0.04
274 0.04
275 0.04
276 0.04
277 0.04
278 0.04
279 0.04
280 0.04
281 0.04
282 0.04
283 0.04
284 0.04
285 0.04
286 0.04
287 0.04
288 0.04
289 0.04
290 0.04
291 0.04
292 0.04
293 0.04
294 0.04
295 0.04
296 0.04
297 0.04
298 0.04
299 0.04
300 0.04
301 0.04
302 0.04
303 0.04
304 0.04
305 0.04
306 0.04
307 0.04
308 0.03
309 0.03
310 0.03
311 0.03
312 0.03
313 0.03
314 0.03
315 0.03
316 0.03
317 0.03
318 0.03
319 0.03
320 0.03
321 0.03
322 0.03
323 0.03
324 0.03
325 0.03
326 0.03
327 0.03
328 0.04
329 0.04
330 0.04
331 0.04
332 0.04
333 0.05
334 0.05
335 0.05
336 0.04
337 0.04
338 0.04
339 0.04
340 0.04
341 0.04
342 0.04
343 0.04
344 0.04
345 0.05
346 0.04
347 0.04
348 0.04
349 0.04
350 0.04
351 0.04
352 0.04
353 0.04
354 0.04
355 0.04
356 0.04
357 0.04
358 0.04
359 0.04
360 0.04
361 0.04
362 0.04
363 0.04
364 0.04
365 0.04
366 0.04
367 0.04
368 0.04
369 0.04
370 0.04
371 0.03
372 0.03
373 0.03
374 0.03
375 0.03
376 0.03
377 0.03
378 0.03
379 0.03
380 0.03
381 0.03
382 0.03
383 0.03
384 0.03
385 0.03
386 0.03
387 0.03
388 0.03
389 0.03
390 0.03
391 0.03
392 0.03
393 0.03
394 0.03
395 0.03
396 0.03
397 0.03
398 0.03
399 0.03
400 0.03
401 0.03
402 0.03
403 0.03
404 0.03
405 0.03
406 0.03
407 0.03
408 0.03
409 0.03
410 0.03
411 0.03
412 0.03
413 0.03
414 0.03
415 0.03
416 0.03
417 0.03
418 0.03
419 0.03
420 0.03
421 0.03
422 0.03
423 0.03
424 0.03
425 0.03
426 0.03
427 0.03
428 0.02
429 0.02
430 0.02
431 0.02
432 0.02
433 0.01
434 0.01
435 0.01
436 0.01
437 0.02
438 0.02
439 0.02
440 0.02
441 0.02
442 0.02
443 0.02
444 0.02
445 0.01
446 0.01
447 0.01
448 0.01
449 0.01
450 0.01
451 0.01
452 0.01
453 0.01
454 0.01
455 0.01
456 0.01
457 0.01
458 0.01
459 0.01
460 0.01
461 0.01
462 0.01
