1 0
2 0
3 0
4 0
5 0
6 0
7 0
8 0
9 0
10 0
11 0
12 0
13 0
14 0
15 0
16 0
17 0
18 0
19 0
20 0
21 0
22 0
23 0
24 0
25 0
26 0
27 0
28 0
29 0
30 0
31 0
32 0
33 0
34 0
35 0
36 0
37 0
38 0
39 0
40 0
41 0
42 0
43 0
44 0
45 0
46 0
47 0
48 0
49 0
50 0
51 0
52 0
53 0
54 0
55 0
56 0
57 0
58 0
59 0
60 0
61 0
62 0
63 0
64 0
65 0
66 0
67 0
68 0
69 0
70 0
71 0
72 0
73 0
74 0
75 0
76 0
77 0
78 0
79 0
80 0
81 0
82 0
83 0
84 0
85 0
86 0
87 0
88 0
89 0
90 0
91 0
92 0
93 0
94 0
95 0
96 0
97 0
98 0
99 0
100 0
101 0.02
102 0.02
103 0.02
104 0.02
105 0.02
106 0.02
107 0.02
108 0.02
109 0.02
110 0.02
111 0.02
112 0.02
113 0.01
114 0.01
115 0.01
116 0.01
117 0.01
118 0.01
119 0.01
120 0.01
121 0.01
122 0.01
123 0.01
124 0.01
125 0.01
126 0.01
127 0.01
128 0.01
129 0.01
130 0.01
131 0.01
132 0.01
133 0.01
134 0.01
135 0.01
136 0.01
137 0.01
138 0.01
139 0.01
140 0.01
141 0.01
142 0.01
143 0.01
144 0.01
145 0.01
146 0.01
147 0.01
148 0.01
149 0.01
150 0.01
151 0.02
152 0.02
153 0.02
154 0.02
155 0.02
156 0.02
157 0.02
158 0.02
159 0.02
160 0.03
161 0.03
162 0.03
163 0.03
164 0.03
165 0.03
166 0.03
167 0.03
168 0.03
169 0.03
170 0.03
171 0.03
172 0.03
173 0.03
174 0.03
175 0.03
176 0.03
177 0.03
178 0.03
179 0.03
180 0.03
181 0.03
182 0.03
183 0.03
184 0.03
185 0.02
186 0.02
187 0.02
188 0.02
189 0.02
190 0.02
191 0.02
192 0.02
193 0.02
194 0.02
195 0.02
196 0.02
197 0.02
198 0.02
199 0.02
200 0.02
201 0.02
202 0.02
203 0.02
204 0.02
205 0.02
206 0.02
207 0.02
208 0.03
209 0.03
210 0.03
211 0.03
212 0.03
213 0.03
214 0.03
215 0.03
216 0.03
217 0.03
218 0.03
219 0.03
220 0.03
221 0.03
222 0.03
223 0.03
224 0.03
225 0.03
226 0.03
227 0.04
228 0.04
229 0.04
230 0.04
231 0.04
232 0.04
233 0.05
234 0.05
235 0.05
236 0.05
237 0.05
238 0.05
239 0.05
240 0.05
241 0.05
242 0.05
243 0.05
244 0.05
245 0.05
246 0.05
247 0.05
248 0.05
249 0.05
250 0.05
251 0.05
252 0.05
253 0.05
254 0.05
255 0.05
256 0.05
257 0.05
258 0.05
259 0.05
260 0.04
261 0.04
262 0.04
263 0.04
264 0.04
265 0.04
266 0.04
267 0.04
268 0.04
269 0.04
270 0.04
271 0.04
272 0.05
273 0.05
274 0.05
275 0.05
276 0.05
277 0.05
278 0.05
279 0.05
280 0.05
281 0.05
282 0.05
283 0.05
284 0.06
285 0.06
286 0.06
287 0.06
288 0.06
289 0.06
290 0.06
291 0.06
292 0.06
293 0.07
294 0.07
295 0.07
296 0.07
297 0.07
298 0.07
299 0.07
300 0.07
301 0.07
302 0.07
303 0.08
304 0.08
305 0.08
306 0.08
307 0.08
308 0.07
309 0.07
310 0.07
311 0.07
312 0.07
313 0.07
314 0.08
315 0.08
316 0.08
317 0.08
318 0.08
319 0.08
320 0.08
321 0.09
322 0.09
323 0.09
324 0.09
325 0.1
326 0.1
327 0.09
328 0.09
329 0.1
330 0.1
331 0.1
332 0.1
333 0.09
334 0.09
335 0.09
336 0.09
337 0.09
338 0.09
339 0.09
340 0.09
341 0.09
342 0.09
343 0.09
344 0.09
345 0.09
346 0.09
347 0.09
348 0.09
349 0.1
350 0.1
351 0.09
352 0.09
353 0.1
354 0.11
355 0.11
356 0.11
357 0.11
358 0.11
359 0.11
360 0.11
361 0.11
362 0.11
363 0.11
364 0.11
365 0.11
366 0.11
367 0.11
368 0.11
369 0.11
370 0.11
371 0.11
372 0.1
373 0.1
374 0.1
375 0.1
376 0.1
377 0.1
378 0.1
379 0.1
380 0.1
381 0.1
382 0.1
383 0.1
384 0.09
385 0.09
386 0.09
387 0.09
388 0.09
389 0.09
390 0.09
391 0.1
392 0.1
393 0.09
394 0.09
395 0.09
396 0.09
397 0.09
398 0.09
399 0.09
400 0.09
401 0.09
402 0.09
403 0.08
404 0.08
405 0.08
406 0.08
407 0.08
408 0.08
409 0.08
410 0.08
411 0.08
412 0.08
413 0.08
414 0.07
415 0.07
416 0.08
417 0.08
418 0.08
419 0.08
420 0.08
421 0.07
422 0.07
423 0.07
424 0.07
425 0.06
426 0.06
427 0.06
428 0.06
429 0.05
430 0.05
431 0.05
432 0.05
433 0.05
434 0.05
435 0.05
436 0.05
437 0.05
438 0.05
439 0.06
440 0.06
441 0.06
442 0.06
443 0.06
444 0.06
445 0.06
446 0.06
447 0.06
448 0.06
449 0.05
450 0.05
451 0.05
452 0.05
453 0.04
454 0.03
455 0.03
456 0.03
457 0.03
458 0.03
459 0.03
460 0.03
461 0.03
462 0.03
463 0.03
464 0.03
465 0.03
466 0.03
467 0.03
468 0.03
469 0.03
470 0.03
471 0.03
472 0.03
473 0.03
474 0.03
475 0.03
476 0.03
477 0.03
478 0.04
479 0.04
480 0.04
481 0.04
482 0.04
483 0.04
484 0.04
485 0.04
486 0.04
487 0.04
488 0.04
489 0.04
490 0.04
491 0.03
492 0.03
493 0.03
494 0.03
495 0.03
496 0.03
497 0.03
498 0.03
499 0.03
500 0.03
501 0.03
502 0.03
503 0.03
504 0.03
505 0.03
506 0.03
507 0.04
508 0.04
509 0.04
510 0.04
511 0.04
512 0.04
513 0.04
514 0.04
515 0.04
516 0.03
517 0.03
518 0.03
519 0.04
520 0.04
521 0.04
522 0.04
523 0.04
524 0.05
525 0.05
526 0.06
527 0.06
528 0.06
529 0.06
530 0.06
531 0.06
532 0.06
533 0.06
534 0.06
535 0.06
536 0.06
537 0.06
538 0.06
539 0.05
540 0.05
541 0.05
542 0.05
543 0.05
544 0.05
545 0.05
546 0.05
547 0.05
548 0.05
549 0.05
550 0.05
551 0.06
552 0.06
553 0.06
554 0.06
555 0.06
556 0.07
557 0.07
558 0.07
559 0.07
560 0.07
561 0.07
562 0.08
563 0.08
564 0.09
565 0.09
566 0.09
567 0.09
568 0.1
569 0.1
570 0.11
571 0.11
572 0.11
573 0.11
574 0.12
575 0.12
576 0.12
577 0.12
578 0.11
579 0.12
580 0.12
581 0.12
582 0.13
583 0.13
584 0.13
585 0.13
586 0.14
587 0.14
588 0.14
589 0.14
590 0.14
591 0.14
592 0.14
593 0.14
594 0.14
595 0.14
596 0.15
597 0.15
598 0.16
599 0.17
600 0.17
601 0.17
602 0.17
603 0.17
604 0.17
605 0.17
606 0.17
607 0.16
608 0.16
609 0.16
610 0.17
611 0.17
612 0.17
613 0.18
614 0.18
615 0.18
616 0.19
617 0.2
618 0.2
619 0.19
620 0.19
621 0.19
622 0.19
623 0.19
624 0.18
625 0.18
626 0.17
627 0.17
628 0.17
629 0.17
630 0.17
631 0.17
632 0.17
633 0.17
634 0.17
635 0.17
636 0.17
637 0.17
638 0.17
639 0.17
640 0.17
641 0.17
642 0.17
643 0.17
644 0.17
645 0.17
646 0.17
647 0.17
648 0.17
649 0.17
650 0.17
651 0.16
652 0.16
653 0.17
654 0.17
655 0.17
656 0.16
657 0.16
658 0.16
659 0.16
660 0.16
661 0.16
662 0.15
663 0.16
664 0.15
665 0.15
666 0.15
667 0.16
668 0.15
669 0.15
670 0.15
671 0.15
672 0.16
673 0.16
674 0.15
675 0.15
676 0.15
677 0.15
678 0.16
679 0.15
680 0.15
681 0.15
682 0.14
683 0.14
684 0.14
685 0.15
686 0.14
687 0.14
688 0.14
689 0.14
690 0.14
691 0.14
692 0.14
693 0.14
694 0.14
695 0.14
696 0.14
697 0.14
698 0.14
699 0.13
700 0.13
701 0.14
702 0.14
703 0.14
704 0.15
705 0.15
706 0.15
707 0.15
708 0.16
709 0.16
710 0.16
711 0.16
712 0.17
713 0.16
714 0.16
715 0.16
716 0.16
717 0.15
718 0.15
719 0.15
720 0.15
721 0.15
722 0.16
723 0.16
724 0.16
725 0.17
726 0.18
727 0.19
728 0.19
729 0.2
730 0.2
731 0.2
732 0.21
733 0.21
734 0.21
735 0.21
736 0.22
737 0.22
738 0.22
739 0.22
740 0.22
741 0.22
742 0.23
743 0.23
744 0.24
745 0.25
746 0.25
747 0.25
748 0.26
749 0.26
750 0.27
751 0.27
752 0.27
753 0.27
754 0.27
755 0.27
756 0.27
757 0.27
758 0.27
759 0.27
760 0.27
761 0.27
762 0.27
763 0.27
764 0.27
765 0.27
766 0.27
767 0.26
768 0.26
769 0.26
770 0.25
771 0.26
772 0.25
773 0.26
774 0.26
775 0.27
776 0.27
777 0.27
778 0.26
779 0.26
780 0.27
781 0.28
782 0.28
783 0.28
784 0.29
785 0.28
786 0.28
787 0.28
788 0.28
789 0.29
790 0.29
791 0.29
792 0.29
793 0.29
794 0.29
795 0.29
796 0.28
797 0.28
798 0.27
799 0.27
800 0.27
801 0.26
802 0.26
803 0.26
804 0.25
805 0.25
806 0.25
807 0.26
808 0.25
809 0.25
810 0.24
811 0.24
812 0.24
813 0.24
814 0.24
815 0.25
816 0.24
817 0.24
818 0.24
819 0.24
820 0.24
821 0.24
822 0.23
823 0.23
824 0.23
825 0.22
826 0.21
827 0.2
828 0.21
829 0.21
830 0.21
831 0.21
832 0.2
833 0.2
834 0.2
835 0.2
836 0.19
837 0.19
838 0.2
839 0.2
840 0.21
841 0.22
842 0.22
843 0.22
844 0.21
845 0.2
846 0.2
847 0.21
848 0.2
849 0.2
850 0.2
851 0.2
852 0.2
853 0.19
854 0.19
855 0.2
856 0.2
857 0.21
858 0.21
859 0.21
860 0.21
861 0.22
862 0.22
863 0.22
864 0.22
865 0.22
866 0.22
867 0.22
868 0.22
869 0.22
870 0.22
871 0.21
872 0.21
873 0.2
874 0.2
875 0.19
876 0.2
877 0.2
878 0.2
879 0.21
880 0.2
881 0.19
882 0.19
883 0.19
884 0.18
885 0.19
886 0.19
887 0.2
888 0.21
889 0.2
890 0.2
891 0.2
892 0.2
893 0.2
894 0.2
895 0.21
896 0.22
897 0.22
898 0.22
899 0.22
900 0.22
901 0.22
902 0.22
903 0.22
904 0.22
905 0.22
906 0.23
907 0.22
908 0.22
909 0.22
910 0.23
911 0.23
912 0.22
913 0.22
914 0.23
915 0.23
916 0.24
917 0.25
918 0.25
919 0.26
920 0.27
921 0.27
922 0.27
923 0.27
924 0.28
925 0.29
926 0.29
927 0.29
928 0.28
929 0.27
930 0.28
931 0.28
932 0.28
933 0.28
934 0.29
935 0.29
936 0.29
937 0.29
938 0.28
939 0.29
940 0.28
941 0.27
942 0.26
943 0.26
944 0.26
945 0.27
946 0.27
947 0.27
948 0.27
949 0.28
950 0.28
951 0.28
952 0.28
953 0.28
954 0.28
955 0.28
956 0.29
957 0.29
958 0.3
959 0.3
960 0.3
961 0.29
962 0.3
963 0.3
964 0.3
965 0.31
966 0.32
967 0.33
968 0.33
969 0.33
970 0.33
971 0.33
972 0.33
973 0.33
974 0.34
975 0.34
976 0.34
977 0.34
978 0.34
979 0.34
980 0.34
981 0.34
982 0.34
983 0.35
984 0.36
985 0.36
986 0.36
987 0.36
988 0.35
989 0.35
990 0.36
991 0.36
992 0.36
993 0.36
994 0.37
995 0.36
996 0.36
997 0.37
998 0.37
999 0.37
1000 0.37
1001 0.38
1002 0.38
1003 0.39
1004 0.4
1005 0.4
1006 0.39
1007 0.39
1008 0.4
1009 0.41
1010 0.4
1011 0.41
1012 0.41
1013 0.42
1014 0.41
1015 0.4
1016 0.4
1017 0.39
1018 0.39
1019 0.38
1020 0.38
1021 0.38
1022 0.38
1023 0.39
1024 0.38
1025 0.38
1026 0.38
1027 0.38
1028 0.39
1029 0.39
1030 0.38
1031 0.38
1032 0.38
1033 0.39
1034 0.38
1035 0.38
1036 0.38
1037 0.38
1038 0.39
1039 0.38
1040 0.38
1041 0.38
1042 0.38
1043 0.39
1044 0.39
1045 0.39
1046 0.39
1047 0.39
1048 0.39
1049 0.39
1050 0.38
1051 0.39
1052 0.39
1053 0.39
1054 0.4
1055 0.39
1056 0.39
1057 0.38
1058 0.37
1059 0.37
1060 0.37
1061 0.38
1062 0.37
1063 0.36
1064 0.37
1065 0.36
1066 0.35
1067 0.34
1068 0.35
1069 0.35
1070 0.35
1071 0.35
1072 0.36
1073 0.37
1074 0.36
1075 0.36
1076 0.36
1077 0.36
1078 0.36
1079 0.35
1080 0.35
1081 0.36
1082 0.36
1083 0.35
1084 0.34
1085 0.34
1086 0.34
1087 0.33
1088 0.34
1089 0.34
1090 0.34
1091 0.34
1092 0.34
1093 0.34
1094 0.33
1095 0.33
1096 0.32
1097 0.32
1098 0.32
1099 0.32
1100 0.32
1101 0.31
1102 0.31
1103 0.31
1104 0.3
1105 0.3
1106 0.3
1107 0.31
1108 0.3
1109 0.29
1110 0.29
1111 0.29
1112 0.29
1113 0.28
1114 0.28
1115 0.29
1116 0.29
1117 0.29
1118 0.29
1119 0.3
1120 0.29
1121 0.3
1122 0.31
1123 0.3
1124 0.31
1125 0.31
1126 0.31
1127 0.31
1128 0.3
1129 0.31
1130 0.31
1131 0.32
1132 0.33
1133 0.32
1134 0.33
1135 0.33
1136 0.33
1137 0.33
1138 0.32
1139 0.32
1140 0.32
1141 0.32
1142 0.32
1143 0.32
1144 0.32
1145 0.32
1146 0.32
1147 0.31
1148 0.32
1149 0.31
1150 0.31
1151 0.3
1152 0.3
1153 0.3
1154 0.29
1155 0.3
1156 0.29
1157 0.3
1158 0.3
1159 0.3
1160 0.3
1161 0.3
1162 0.3
1163 0.3
1164 0.29
1165 0.29
1166 0.29
1167 0.3
1168 0.29
1169 0.29
1170 0.29
1171 0.3
1172 0.29
1173 0.28
1174 0.29
1175 0.29
1176 0.29
1177 0.29
1178 0.29
1179 0.29
1180 0.3
1181 0.3
1182 0.31
1183 0.32
1184 0.32
1185 0.31
1186 0.32
1187 0.32
1188 0.31
1189 0.32
1190 0.31
1191 0.31
1192 0.31
1193 0.31
1194 0.31
1195 0.32
1196 0.33
1197 0.33
1198 0.33
1199 0.34
1200 0.34
1201 0.34
1202 0.34
1203 0.33
1204 0.34
1205 0.34
1206 0.34
1207 0.33
1208 0.34
1209 0.35
1210 0.35
1211 0.35
1212 0.36
1213 0.37
1214 0.38
1215 0.37
1216 0.36
1217 0.36
1218 0.37
1219 0.36
1220 0.36
1221 0.35
1222 0.34
1223 0.35
1224 0.34
1225 0.33
1226 0.34
1227 0.35
1228 0.35
1229 0.35
1230 0.36
1231 0.36
1232 0.36
1233 0.36
1234 0.35
1235 0.35
1236 0.35
1237 0.36
1238 0.36
1239 0.36
1240 0.36
1241 0.37
1242 0.38
1243 0.37
1244 0.38
1245 0.38
1246 0.39
1247 0.4
1248 0.39
1249 0.39
1250 0.39
1251 0.4
1252 0.4
1253 0.4
1254 0.4
1255 0.4
1256 0.41
1257 0.41
1258 0.41
1259 0.42
1260 0.42
1261 0.41
1262 0.41
1263 0.41
1264 0.42
1265 0.42
1266 0.42
1267 0.41
1268 0.41
1269 0.41
1270 0.42
1271 0.41
1272 0.41
1273 0.42
1274 0.41
1275 0.41
1276 0.4
1277 0.4
1278 0.4
1279 0.4
1280 0.4
1281 0.39
1282 0.39
1283 0.39
1284 0.4
1285 0.4
1286 0.4
1287 0.4
1288 0.41
1289 0.4
1290 0.4
1291 0.4
1292 0.41
1293 0.41
1294 0.41
1295 0.4
1296 0.4
1297 0.39
1298 0.39
1299 0.38
1300 0.38
1301 0.38
1302 0.38
1303 0.39
1304 0.38
1305 0.39
1306 0.39
1307 0.39
1308 0.39
1309 0.39
1310 0.39
1311 0.39
1312 0.39
1313 0.39
1314 0.38
1315 0.39
1316 0.4
1317 0.4
1318 0.39
1319 0.4
1320 0.41
1321 0.42
1322 0.42
1323 0.42
1324 0.42
1325 0.43
1326 0.42
1327 0.41
1328 0.41
1329 0.4
1330 0.39
1331 0.39
1332 0.39
1333 0.4
1334 0.41
1335 0.42
1336 0.43
1337 0.42
1338 0.43
1339 0.44
1340 0.45
1341 0.44
1342 0.43
1343 0.44
1344 0.43
1345 0.42
1346 0.42
1347 0.41
1348 0.42
1349 0.42
1350 0.43
1351 0.43
1352 0.43
1353 0.43
1354 0.44
1355 0.43
1356 0.43
1357 0.43
1358 0.43
1359 0.42
1360 0.42
1361 0.42
1362 0.43
1363 0.43
1364 0.43
1365 0.44
1366 0.45
1367 0.46
1368 0.47
1369 0.48
1370 0.47
1371 0.48
1372 0.49
1373 0.49
1374 0.5
1375 0.51
1376 0.52
1377 0.52
1378 0.53
1379 0.54
1380 0.54
1381 0.55
1382 0.55
1383 0.55
1384 0.55
1385 0.55
1386 0.55
1387 0.56
1388 0.55
1389 0.56
1390 0.57
1391 0.57
1392 0.57
1393 0.58
1394 0.59
1395 0.59
1396 0.59
1397 0.6
1398 0.61
1399 0.62
1400 0.63
1401 0.64
1402 0.65
1403 0.65
1404 0.65
1405 0.64
1406 0.65
1407 0.65
1408 0.65
1409 0.64
1410 0.65
1411 0.65
1412 0.64
1413 0.64
1414 0.65
1415 0.64
1416 0.64
1417 0.64
1418 0.65
1419 0.65
1420 0.65
1421 0.64
1422 0.65
1423 0.65
1424 0.66
1425 0.66
1426 0.67
1427 0.68
1428 0.68
1429 0.69
1430 0.69
1431 0.69
1432 0.68
1433 0.67
1434 0.67
1435 0.67
1436 0.67
1437 0.67
1438 0.66
1439 0.66
1440 0.66
1441 0.67
1442 0.68
1443 0.68
1444 0.69
1445 0.7
1446 0.69
1447 0.69
1448 0.68
1449 0.69
1450 0.69
1451 0.69
1452 0.69
1453 0.69
1454 0.68
1455 0.69
1456 0.68
1457 0.68
1458 0.69
1459 0.7
1460 0.71
1461 0.71
1462 0.7
1463 0.71
1464 0.71
1465 0.71
1466 0.71
1467 0.71
1468 0.71
1469 0.71
1470 0.71
1471 0.7
1472 0.69
1473 0.68
1474 0.67
1475 0.66
1476 0.66
1477 0.67
1478 0.67
1479 0.67
1480 0.66
1481 0.66
1482 0.65
1483 0.65
1484 0.65
1485 0.66
1486 0.65
1487 0.64
1488 0.65
1489 0.65
1490 0.65
1491 0.66
1492 0.65
1493 0.64
1494 0.64
1495 0.65
1496 0.65
1497 0.65
1498 0.64
1499 0.63
1500 0.63
1501 0.62
1502 0.62
1503 0.62
1504 0.63
1505 0.63
1506 0.62
1507 0.63
1508 0.63
1509 0.63
1510 0.63
1511 0.63
1512 0.63
1513 0.63
1514 0.62
1515 0.63
1516 0.62
1517 0.63
1518 0.62
1519 0.62
1520 0.61
1521 0.61
1522 0.61
1523 0.61
1524 0.61
1525 0.6
1526 0.6
1527 0.6
1528 0.61
1529 0.61
1530 0.62
1531 0.62
1532 0.63
1533 0.64
1534 0.64
1535 0.64
1536 0.64
1537 0.64
1538 0.64
1539 0.64
1540 0.63
1541 0.62
1542 0.62
1543 0.62
1544 0.62
1545 0.62
1546 0.62
1547 0.63
1548 0.64
1549 0.64
1550 0.64
1551 0.63
1552 0.63
1553 0.64
1554 0.65
1555 0.64
1556 0.65
1557 0.64
1558 0.64
1559 0.64
1560 0.63
1561 0.64
1562 0.65
1563 0.64
1564 0.64
1565 0.64
1566 0.64
1567 0.64
1568 0.63
1569 0.62
1570 0.62
1571 0.62
1572 0.63
1573 0.64
1574 0.64
1575 0.65
1576 0.65
1577 0.64
1578 0.63
1579 0.63
1580 0.64
1581 0.64
1582 0.65
1583 0.65
1584 0.65
1585 0.65
1586 0.66
1587 0.66
1588 0.66
1589 0.65
1590 0.65
1591 0.64
1592 0.65
1593 0.66
1594 0.65
1595 0.65
1596 0.65
1597 0.65
1598 0.66
1599 0.66
1600 0.66
1601 0.67
1602 0.66
1603 0.66
1604 0.65
1605 0.65
1606 0.66
1607 0.66
1608 0.66
1609 0.67
1610 0.66
1611 0.66
1612 0.66
1613 0.65
1614 0.65
1615 0.64
1616 0.64
1617 0.64
1618 0.65
1619 0.65
1620 0.65
1621 0.65
1622 0.64
1623 0.63
1624 0.62
1625 0.62
1626 0.61
1627 0.6
1628 0.59
1629 0.58
1630 0.57
1631 0.56
1632 0.56
1633 0.55
1634 0.54
1635 0.53
1636 0.53
1637 0.53
1638 0.53
1639 0.53
1640 0.54
1641 0.55
1642 0.55
1643 0.55
1644 0.55
1645 0.55
1646 0.55
1647 0.54
1648 0.53
1649 0.52
1650 0.51
1651 0.52
1652 0.53
1653 0.52
1654 0.51
1655 0.52
1656 0.52
1657 0.53
1658 0.53
1659 0.52
1660 0.53
1661 0.53
1662 0.52
1663 0.52
1664 0.51
1665 0.51
1666 0.5
1667 0.5
1668 0.51
1669 0.52
1670 0.53
1671 0.53
1672 0.53
1673 0.52
1674 0.53
1675 0.52
1676 0.51
1677 0.52
1678 0.52
1679 0.52
1680 0.52
1681 0.52
1682 0.51
1683 0.5
1684 0.5
1685 0.5
1686 0.49
1687 0.5
1688 0.5
1689 0.5
1690 0.5
1691 0.51
1692 0.51
1693 0.51
1694 0.52
1695 0.52
1696 0.51
1697 0.51
1698 0.5
1699 0.5
1700 0.5
1701 0.49
1702 0.5
1703 0.49
1704 0.5
1705 0.51
1706 0.51
1707 0.51
1708 0.51
1709 0.51
1710 0.52
1711 0.52
1712 0.52
1713 0.53
1714 0.53
1715 0.53
1716 0.54
1717 0.54
1718 0.54
1719 0.54
1720 0.55
1721 0.56
1722 0.57
1723 0.58
1724 0.59
1725 0.59
1726 0.6
1727 0.6
1728 0.61
1729 0.61
1730 0.61
1731 0.62
1732 0.62
1733 0.63
1734 0.63
1735 0.64
1736 0.63
1737 0.63
1738 0.63
1739 0.63
1740 0.62
1741 0.61
1742 0.6
1743 0.59
1744 0.58
1745 0.58
1746 0.59
1747 0.6
1748 0.61
1749 0.62
1750 0.62
1751 0.62
1752 0.61
1753 0.62
1754 0.62
1755 0.62
1756 0.62
1757 0.62
1758 0.62
1759 0.63
1760 0.62
1761 0.62
1762 0.63
1763 0.64
1764 0.64
1765 0.64
1766 0.65
1767 0.65
1768 0.65
1769 0.64
1770 0.64
1771 0.64
1772 0.63
1773 0.63
1774 0.63
1775 0.64
1776 0.65
1777 0.65
1778 0.66
1779 0.66
1780 0.66
1781 0.66
1782 0.66
1783 0.67
1784 0.66
1785 0.65
1786 0.65
1787 0.65
1788 0.64
1789 0.65
1790 0.64
1791 0.63
1792 0.63
1793 0.62
1794 0.62
1795 0.62
1796 0.63
1797 0.62
1798 0.63
1799 0.63
1800 0.63
1801 0.63
1802 0.62
1803 0.62
1804 0.61
1805 0.61
1806 0.6
1807 0.59
1808 0.59
1809 0.58
1810 0.57
1811 0.57
1812 0.58
1813 0.57
1814 0.57
1815 0.57
1816 0.57
1817 0.56
1818 0.56
1819 0.56
1820 0.56
1821 0.56
1822 0.55
1823 0.55
1824 0.54
1825 0.55
1826 0.55
1827 0.55
1828 0.54
1829 0.55
1830 0.55
1831 0.55
1832 0.55
1833 0.54
1834 0.55
1835 0.55
1836 0.55
1837 0.56
1838 0.56
1839 0.56
1840 0.56
1841 0.57
1842 0.58
1843 0.59
1844 0.59
1845 0.59
1846 0.59
1847 0.59
1848 0.59
1849 0.59
1850 0.6
1851 0.59
1852 0.6
1853 0.6
1854 0.61
1855 0.61
1856 0.6
1857 0.6
1858 0.59
1859 0.58
1860 0.59
1861 0.59
1862 0.59
1863 0.59
1864 0.6
1865 0.6
1866 0.59
1867 0.59
1868 0.59
1869 0.6
1870 0.59
1871 0.6
1872 0.6
1873 0.61
1874 0.61
1875 0.61
1876 0.6
1877 0.6
1878 0.6
1879 0.59
1880 0.59
1881 0.58
1882 0.58
1883 0.57
1884 0.57
1885 0.57
1886 0.58
1887 0.58
1888 0.59
1889 0.58
1890 0.58
1891 0.59
1892 0.59
1893 0.6
1894 0.6
1895 0.59
1896 0.59
1897 0.6
1898 0.6
1899 0.6
1900 0.59
1901 0.59
1902 0.59
1903 0.59
1904 0.6
1905 0.6
1906 0.6
1907 0.6
1908 0.59
1909 0.59
1910 0.59
1911 0.58
1912 0.58
1913 0.58
1914 0.58
1915 0.59
1916 0.58
1917 0.59
1918 0.59
1919 0.59
1920 0.59
1921 0.58
1922 0.59
1923 0.58
1924 0.58
1925 0.58
1926 0.58
1927 0.58
1928 0.59
1929 0.59
1930 0.59
1931 0.58
1932 0.57
1933 0.57
1934 0.56
1935 0.55
1936 0.56
1937 0.56
1938 0.57
1939 0.56
1940 0.56
1941 0.56
1942 0.55
1943 0.55
1944 0.56
1945 0.55
1946 0.54
1947 0.54
1948 0.54
1949 0.53
1950 0.52
1951 0.52
1952 0.51
1953 0.5
1954 0.49
1955 0.48
1956 0.48
1957 0.48
1958 0.48
1959 0.48
1960 0.47
1961 0.46
1962 0.45
1963 0.44
1964 0.43
1965 0.42
1966 0.42
1967 0.41
1968 0.4
1969 0.4
1970 0.4
1971 0.39
1972 0.39
1973 0.39
1974 0.38
1975 0.37
1976 0.37
1977 0.37
1978 0.36
1979 0.36
1980 0.35
1981 0.35
1982 0.35
1983 0.35
1984 0.36
1985 0.36
1986 0.36
1987 0.35
1988 0.34
1989 0.34
1990 0.34
1991 0.33
1992 0.33
1993 0.32
1994 0.32
1995 0.32
1996 0.31
1997 0.31
1998 0.3
1999 0.31
2000 0.32
2001 0.33
1 0
2 0
3 0
4 0
5 0
6 0
7 0
8 0
9 0
10 0
11 0
12 0
13 0
14 0
15 0
16 0
17 0
18 0
19 0
20 0
21 0
22 0
23 0
24 0
25 0
26 0
27 0
28 0
29 0
30 0
31 0
32 0
33 0
34 0
35 0
36 0
37 0
38 0
39 0
40 0
41 0
42 0
43 0
44 0
45 0
46 0
47 0
48 0
49 0
50 0
51 0
52 0
53 0
54 0
55 0
56 0
57 0
58 0
59 0
60 0
61 0
62 0
63 0
64 0
65 0
66 0
67 0
68 0
69 0
70 0
71 0
72 0
73 0
74 0
75 0
76 0
77 0
78 0
79 0
80 0
81 0
82 0
83 0
84 0
85 0
86 0
87 0
88 0
89 0
90 0
91 0
92 0
93 0
94 0
95 0
96 0
97 0
98 0
99 0
100 0
101 0.0
102 0.0
103 0.0
104 0.0
105 0.0
106 0.0
107 0.0
108 0.01
109 0.02
110 0.02
111 0.02
112 0.02
113 0.02
114 0.02
115 0.02
116 0.02
117 0.02
118 0.02
119 0.02
120 0.02
121 0.02
122 0.02
123 0.02
124 0.02
125 0.02
126 0.02
127 0.02
128 0.02
129 0.02
130 0.02
131 0.02
132 0.02
133 0.02
134 0.02
135 0.02
136 0.02
137 0.02
138 0.02
139 0.02
140 0.02
141 0.02
142 0.02
143 0.02
144 0.02
145 0.02
146 0.02
147 0.02
148 0.02
149 0.02
150 0.02
151 0.02
152 0.02
153 0.02
154 0.02
155 0.02
156 0.02
157 0.02
158 0.02
159 0.02
160 0.02
161 0.02
162 0.02
163 0.02
164 0.02
165 0.02
166 0.02
167 0.03
168 0.03
169 0.03
170 0.03
171 0.03
172 0.03
173 0.03
174 0.03
175 0.03
176 0.03
177 0.03
178 0.03
179 0.03
180 0.03
181 0.03
182 0.03
183 0.03
184 0.03
185 0.03
186 0.03
187 0.03
188 0.03
189 0.03
190 0.03
191 0.03
192 0.03
193 0.03
194 0.03
195 0.03
196 0.03
197 0.03
198 0.03
199 0.03
200 0.03
201 0.03
202 0.03
203 0.03
204 0.03
205 0.03
206 0.03
207 0.03
208 0.02
209 0.01
210 0.01
211 0.01
212 0.01
213 0.01
214 0.02
215 0.02
216 0.03
217 0.03
218 0.03
219 0.03
220 0.03
221 0.03
222 0.04
223 0.04
224 0.05
225 0.05
226 0.05
227 0.05
228 0.05
229 0.05
230 0.05
231 0.06
232 0.06
233 0.06
234 0.06
235 0.06
236 0.06
237 0.06
238 0.06
239 0.07
240 0.07
241 0.07
242 0.07
243 0.07
244 0.08
245 0.08
246 0.08
247 0.08
248 0.08
249 0.08
250 0.08
251 0.08
252 0.08
253 0.08
254 0.08
255 0.08
256 0.08
257 0.09
258 0.09
259 0.09
260 0.09
261 0.09
262 0.09
263 0.09
264 0.09
265 0.09
266 0.09
267 0.08
268 0.08
269 0.08
270 0.08
271 0.08
272 0.08
273 0.08
274 0.08
275 0.08
276 0.08
277 0.08
278 0.08
279 0.08
280 0.08
281 0.08
282 0.08
283 0.08
284 0.09
285 0.09
286 0.09
287 0.09
288 0.09
289 0.09
290 0.09
291 0.09
292 0.09
293 0.1
294 0.1
295 0.11
296 0.11
297 0.11
298 0.12
299 0.12
300 0.12
301 0.12
302 0.13
303 0.13
304 0.14
305 0.14
306 0.15
307 0.16
308 0.16
309 0.16
310 0.17
311 0.17
312 0.18
313 0.18
314 0.17
315 0.18
316 0.17
317 0.17
318 0.18
319 0.18
320 0.18
321 0.18
322 0.17
323 0.17
324 0.16
325 0.16
326 0.16
327 0.16
328 0.16
329 0.16
330 0.16
331 0.15
332 0.15
333 0.15
334 0.15
335 0.16
336 0.16
337 0.17
338 0.17
339 0.16
340 0.17
341 0.17
342 0.17
343 0.18
344 0.17
345 0.17
346 0.17
347 0.17
348 0.17
349 0.18
350 0.19
351 0.19
352 0.19
353 0.2
354 0.2
355 0.2
356 0.21
357 0.2
358 0.21
359 0.21
360 0.21
361 0.21
362 0.21
363 0.21
364 0.21
365 0.21
366 0.21
367 0.21
368 0.21
369 0.22
370 0.22
371 0.22
372 0.22
373 0.22
374 0.23
375 0.24
376 0.25
377 0.26
378 0.26
379 0.27
380 0.27
381 0.28
382 0.28
383 0.28
384 0.27
385 0.28
386 0.28
387 0.28
388 0.29
389 0.29
390 0.29
391 0.29
392 0.29
393 0.28
394 0.28
395 0.27
396 0.27
397 0.27
398 0.27
399 0.27
400 0.27
401 0.27
402 0.26
403 0.26
404 0.25
405 0.26
406 0.25
407 0.24
408 0.24
409 0.24
410 0.23
411 0.23
412 0.22
413 0.22
414 0.23
415 0.22
416 0.22
417 0.22
418 0.22
419 0.22
420 0.22
421 0.22
422 0.23
423 0.23
424 0.24
425 0.24
426 0.24
427 0.24
428 0.24
429 0.24
430 0.24
431 0.24
432 0.24
433 0.24
434 0.25
435 0.24
436 0.25
437 0.24
438 0.24
439 0.24
440 0.23
441 0.23
442 0.24
443 0.23
444 0.24
445 0.24
446 0.24
447 0.24
448 0.24
449 0.24
450 0.24
451 0.25
452 0.25
453 0.24
454 0.24
455 0.25
456 0.25
457 0.26
458 0.25
459 0.25
460 0.25
461 0.25
462 0.25
463 0.26
464 0.27
465 0.27
466 0.27
467 0.27
468 0.27
469 0.26
470 0.26
471 0.26
472 0.27
473 0.27
474 0.26
475 0.25
476 0.24
477 0.23
478 0.24
479 0.23
480 0.23
481 0.22
482 0.23
483 0.23
484 0.23
485 0.23
486 0.23
487 0.24
488 0.23
489 0.24
490 0.25
491 0.25
492 0.26
493 0.26
494 0.27
495 0.27
496 0.27
497 0.27
498 0.26
499 0.26
500 0.26
501 0.26
502 0.27
503 0.27
504 0.28
505 0.27
506 0.27
507 0.27
508 0.27
509 0.27
510 0.27
511 0.28
512 0.28
513 0.28
514 0.27
515 0.27
516 0.27
517 0.27
518 0.26
519 0.27
520 0.27
521 0.27
522 0.26
523 0.26
524 0.25
525 0.26
526 0.26
527 0.26
528 0.26
529 0.26
530 0.26
531 0.26
532 0.27
533 0.27
534 0.26
535 0.27
536 0.26
537 0.26
538 0.26
539 0.26
540 0.26
541 0.27
542 0.26
543 0.26
544 0.25
545 0.25
546 0.25
547 0.26
548 0.26
549 0.25
550 0.24
551 0.23
552 0.23
553 0.23
554 0.24
555 0.23
556 0.22
557 0.21
558 0.21
559 0.21
560 0.21
561 0.22
562 0.22
563 0.21
564 0.2
565 0.21
566 0.21
567 0.21
568 0.21
569 0.21
570 0.22
571 0.22
572 0.21
573 0.21
574 0.21
575 0.22
576 0.22
577 0.22
578 0.22
579 0.22
580 0.22
581 0.23
582 0.22
583 0.23
584 0.24
585 0.23
586 0.23
587 0.22
588 0.23
589 0.22
590 0.21
591 0.21
592 0.2
593 0.21
594 0.2
595 0.2
596 0.2
597 0.2
598 0.2
599 0.2
600 0.2
601 0.2
602 0.2
603 0.21
604 0.2
605 0.2
606 0.2
607 0.21
608 0.21
609 0.21
610 0.21
611 0.2
612 0.2
613 0.21
614 0.21
615 0.22
616 0.23
617 0.23
618 0.23
619 0.22
620 0.22
621 0.22
622 0.22
623 0.22
624 0.23
625 0.23
626 0.24
627 0.24
628 0.24
629 0.24
630 0.24
631 0.24
632 0.24
633 0.25
634 0.25
635 0.25
636 0.25
637 0.26
638 0.26
639 0.26
640 0.27
641 0.26
642 0.27
643 0.27
644 0.28
645 0.28
646 0.29
647 0.29
648 0.29
649 0.29
650 0.3
651 0.3
652 0.31
653 0.31
654 0.3
655 0.31
656 0.31
657 0.31
658 0.31
659 0.31
660 0.32
661 0.32
662 0.32
663 0.32
664 0.32
665 0.31
666 0.32
667 0.32
668 0.32
669 0.32
670 0.31
671 0.31
672 0.31
673 0.31
674 0.31
675 0.3
676 0.3
677 0.3
678 0.29
679 0.29
680 0.3
681 0.3
682 0.3
683 0.29
684 0.28
685 0.28
686 0.28
687 0.29
688 0.28
689 0.29
690 0.29
691 0.29
692 0.3
693 0.29
694 0.29
695 0.3
696 0.3
697 0.3
698 0.3
699 0.3
700 0.3
701 0.3
702 0.29
703 0.28
704 0.28
705 0.29
706 0.3
707 0.29
708 0.3
709 0.31
710 0.32
711 0.32
712 0.32
713 0.31
714 0.31
715 0.3
716 0.3
717 0.3
718 0.3
719 0.3
720 0.31
721 0.31
722 0.31
723 0.31
724 0.3
725 0.29
726 0.28
727 0.28
728 0.28
729 0.29
730 0.3
731 0.3
732 0.29
733 0.28
734 0.28
735 0.27
736 0.27
737 0.26
738 0.26
739 0.26
740 0.25
741 0.25
742 0.24
743 0.25
744 0.25
745 0.26
746 0.25
747 0.24
748 0.24
749 0.24
750 0.23
751 0.23
752 0.23
753 0.23
754 0.23
755 0.22
756 0.23
757 0.23
758 0.23
759 0.24
760 0.23
761 0.22
762 0.23
763 0.24
764 0.24
765 0.24
766 0.23
767 0.23
768 0.23
769 0.23
770 0.23
771 0.24
772 0.25
773 0.25
774 0.26
775 0.27
776 0.27
777 0.27
778 0.27
779 0.27
780 0.27
781 0.26
782 0.27
783 0.28
784 0.28
785 0.28
786 0.29
787 0.28
788 0.29
789 0.28
790 0.29
791 0.29
792 0.29
793 0.29
794 0.29
795 0.28
796 0.29
797 0.29
798 0.29
799 0.29
800 0.3
801 0.3
802 0.3
803 0.3
804 0.31
805 0.31
806 0.3
807 0.3
808 0.29
809 0.28
810 0.28
811 0.28
812 0.28
813 0.29
814 0.29
815 0.3
816 0.29
817 0.3
818 0.3
819 0.3
820 0.29
821 0.3
822 0.3
823 0.3
824 0.31
825 0.31
826 0.31
827 0.31
828 0.31
829 0.31
830 0.31
831 0.31
832 0.31
833 0.31
834 0.31
835 0.32
836 0.32
837 0.32
838 0.32
839 0.32
840 0.33
841 0.33
842 0.33
843 0.33
844 0.32
845 0.31
846 0.31
847 0.31
848 0.31
849 0.32
850 0.32
851 0.32
852 0.32
853 0.33
854 0.34
855 0.34
856 0.33
857 0.33
858 0.34
859 0.34
860 0.35
861 0.36
862 0.35
863 0.35
864 0.36
865 0.36
866 0.37
867 0.37
868 0.38
869 0.38
870 0.38
871 0.37
872 0.37
873 0.38
874 0.37
875 0.36
876 0.37
877 0.37
878 0.37
879 0.38
880 0.37
881 0.38
882 0.38
883 0.38
884 0.39
885 0.4
886 0.4
887 0.41
888 0.41
889 0.42
890 0.42
891 0.43
892 0.42
893 0.43
894 0.44
895 0.45
896 0.45
897 0.46
898 0.47
899 0.47
900 0.46
901 0.46
902 0.47
903 0.47
904 0.46
905 0.46
906 0.47
907 0.48
908 0.48
909 0.49
910 0.49
911 0.5
912 0.51
913 0.5
914 0.51
915 0.51
916 0.52
917 0.52
918 0.53
919 0.53
920 0.53
921 0.53
922 0.53
923 0.54
924 0.54
925 0.55
926 0.55
927 0.55
928 0.55
929 0.55
930 0.54
931 0.55
932 0.55
933 0.55
934 0.55
935 0.54
936 0.54
937 0.54
938 0.55
939 0.55
940 0.55
941 0.55
942 0.56
943 0.55
944 0.56
945 0.56
946 0.57
947 0.57
948 0.58
949 0.57
950 0.57
951 0.57
952 0.56
953 0.55
954 0.54
955 0.54
956 0.54
957 0.54
958 0.53
959 0.53
960 0.53
961 0.53
962 0.54
963 0.53
964 0.53
965 0.54
966 0.54
967 0.55
968 0.55
969 0.56
970 0.56
971 0.57
972 0.56
973 0.55
974 0.56
975 0.56
976 0.55
977 0.55
978 0.55
979 0.54
980 0.55
981 0.54
982 0.53
983 0.52
984 0.52
985 0.51
986 0.5
987 0.5
988 0.49
989 0.49
990 0.49
991 0.48
992 0.48
993 0.48
994 0.47
995 0.46
996 0.46
997 0.45
998 0.45
999 0.46
1000 0.47
1001 0.48
1002 0.48
1003 0.48
1004 0.49
1005 0.49
1006 0.48
1007 0.48
1008 0.49
1009 0.49
1010 0.48
1011 0.48
1012 0.48
1013 0.49
1014 0.48
1015 0.48
1016 0.48
1017 0.47
1018 0.47
1019 0.48
1020 0.49
1021 0.49
1022 0.49
1023 0.48
1024 0.48
1025 0.47
1026 0.48
1027 0.49
1028 0.5
1029 0.49
1030 0.5
1031 0.5
1032 0.5
1033 0.5
1034 0.51
1035 0.51
1036 0.51
1037 0.52
1038 0.51
1039 0.52
1040 0.51
1041 0.51
1042 0.51
1043 0.52
1044 0.51
1045 0.52
1046 0.52
1047 0.52
1048 0.52
1049 0.52
1050 0.53
1051 0.54
1052 0.55
1053 0.55
1054 0.56
1055 0.57
1056 0.58
1057 0.58
1058 0.58
1059 0.58
1060 0.57
1061 0.56
1062 0.56
1063 0.57
1064 0.57
1065 0.57
1066 0.56
1067 0.55
1068 0.54
1069 0.53
1070 0.53
1071 0.52
1072 0.52
1073 0.52
1074 0.52
1075 0.53
1076 0.54
1077 0.54
1078 0.54
1079 0.55
1080 0.55
1081 0.56
1082 0.57
1083 0.57
1084 0.56
1085 0.56
1086 0.56
1087 0.55
1088 0.56
1089 0.55
1090 0.55
1091 0.55
1092 0.55
1093 0.54
1094 0.55
1095 0.56
1096 0.56
1097 0.56
1098 0.56
1099 0.55
1100 0.55
1101 0.55
1102 0.55
1103 0.56
1104 0.56
1105 0.56
1106 0.57
1107 0.57
1108 0.56
1109 0.56
1110 0.56
1111 0.56
1112 0.55
1113 0.54
1114 0.55
1115 0.54
1116 0.53
1117 0.53
1118 0.53
1119 0.53
1120 0.53
1121 0.53
1122 0.54
1123 0.54
1124 0.54
1125 0.55
1126 0.54
1127 0.53
1128 0.52
1129 0.53
1130 0.52
1131 0.52
1132 0.52
1133 0.52
1134 0.51
1135 0.51
1136 0.51
1137 0.51
1138 0.51
1139 0.51
1140 0.52
1141 0.53
1142 0.53
1143 0.53
1144 0.54
1145 0.53
1146 0.52
1147 0.52
1148 0.51
1149 0.51
1150 0.51
1151 0.51
1152 0.51
1153 0.52
1154 0.51
1155 0.5
1156 0.5
1157 0.51
1158 0.51
1159 0.5
1160 0.51
1161 0.51
1162 0.5
1163 0.49
1164 0.48
1165 0.47
1166 0.47
1167 0.47
1168 0.48
1169 0.49
1170 0.5
1171 0.5
1172 0.51
1173 0.51
1174 0.5
1175 0.49
1176 0.48
1177 0.49
1178 0.5
1179 0.49
1180 0.49
1181 0.48
1182 0.48
1183 0.48
1184 0.48
1185 0.49
1186 0.5
1187 0.51
1188 0.5
1189 0.51
1190 0.51
1191 0.51
1192 0.51
1193 0.52
1194 0.52
1195 0.52
1196 0.51
1197 0.51
1198 0.51
1199 0.52
1200 0.52
1201 0.52
1202 0.52
1203 0.52
1204 0.51
1205 0.51
1206 0.51
1207 0.5
1208 0.51
1209 0.5
1210 0.51
1211 0.51
1212 0.51
1213 0.51
1214 0.5
1215 0.51
1216 0.52
1217 0.53
1218 0.52
1219 0.52
1220 0.51
1221 0.51
1222 0.5
1223 0.5
1224 0.5
1225 0.5
1226 0.5
1227 0.51
1228 0.51
1229 0.51
1230 0.52
1231 0.51
1232 0.51
1233 0.52
1234 0.52
1235 0.52
1236 0.52
1237 0.51
1238 0.51
1239 0.5
1240 0.5
1241 0.5
1242 0.5
1243 0.5
1244 0.5
1245 0.51
1246 0.52
1247 0.53
1248 0.53
1249 0.54
1250 0.54
1251 0.54
1252 0.54
1253 0.53
1254 0.54
1255 0.55
1256 0.54
1257 0.54
1258 0.55
1259 0.56
1260 0.56
1261 0.57
1262 0.58
1263 0.58
1264 0.58
1265 0.58
1266 0.58
1267 0.58
1268 0.57
1269 0.56
1270 0.55
1271 0.55
1272 0.54
1273 0.54
1274 0.54
1275 0.54
1276 0.54
1277 0.53
1278 0.52
1279 0.53
1280 0.53
1281 0.54
1282 0.53
1283 0.53
1284 0.53
1285 0.52
1286 0.51
1287 0.5
1288 0.5
1289 0.49
1290 0.48
1291 0.48
1292 0.48
1293 0.47
1294 0.47
1295 0.46
1296 0.46
1297 0.46
1298 0.45
1299 0.45
1300 0.45
1301 0.44
1302 0.44
1303 0.44
1304 0.44
1305 0.44
1306 0.43
1307 0.43
1308 0.42
1309 0.42
1310 0.41
1311 0.41
1312 0.42
1313 0.42
1314 0.42
1315 0.42
1316 0.42
1317 0.42
1318 0.43
1319 0.43
1320 0.43
1321 0.42
1322 0.43
1323 0.44
1324 0.44
1325 0.43
1326 0.44
1327 0.43
1328 0.43
1329 0.42
1330 0.42
1331 0.42
1332 0.43
1333 0.43
1334 0.44
1335 0.45
1336 0.46
1337 0.47
1338 0.47
1339 0.48
1340 0.47
1341 0.46
1342 0.45
1343 0.45
1344 0.45
1345 0.45
1346 0.44
1347 0.44
1348 0.45
1349 0.45
1350 0.44
1351 0.44
1352 0.43
1353 0.43
1354 0.42
1355 0.41
1356 0.42
1357 0.42
1358 0.42
1359 0.42
1360 0.41
1361 0.4
1362 0.4
1363 0.4
1364 0.4
1365 0.4
1366 0.4
1367 0.4
1368 0.4
1369 0.41
1370 0.42
1371 0.42
1372 0.42
1373 0.42
1374 0.43
1375 0.43
1376 0.44
1377 0.44
1378 0.45
1379 0.44
1380 0.43
1381 0.43
1382 0.44
1383 0.45
1384 0.45
1385 0.46
1386 0.47
1387 0.47
1388 0.48
1389 0.49
1390 0.49
1391 0.49
1392 0.49
1393 0.49
1394 0.48
1395 0.49
1396 0.5
1397 0.51
1398 0.51
1399 0.5
1400 0.5
1401 0.51
1402 0.5
1403 0.5
1404 0.51
1405 0.51
1406 0.51
1407 0.52
1408 0.53
1409 0.53
1410 0.54
1411 0.54
1412 0.53
1413 0.54
1414 0.55
1415 0.55
1416 0.55
1417 0.55
1418 0.54
1419 0.53
1420 0.54
1421 0.54
1422 0.54
1423 0.53
1424 0.52
1425 0.53
1426 0.53
1427 0.54
1428 0.55
1429 0.56
1430 0.56
1431 0.57
1432 0.57
1433 0.57
1434 0.56
1435 0.56
1436 0.56
1437 0.56
1438 0.56
1439 0.56
1440 0.56
1441 0.57
1442 0.57
1443 0.56
1444 0.55
1445 0.55
1446 0.56
1447 0.55
1448 0.55
1449 0.54
1450 0.55
1451 0.55
1452 0.56
1453 0.56
1454 0.56
1455 0.57
1456 0.57
1457 0.56
1458 0.55
1459 0.54
1460 0.55
1461 0.55
1462 0.55
1463 0.56
1464 0.57
1465 0.57
1466 0.57
1467 0.58
1468 0.58
1469 0.58
1470 0.58
1471 0.58
1472 0.58
1473 0.58
1474 0.57
1475 0.57
1476 0.57
1477 0.57
1478 0.56
1479 0.56
1480 0.56
1481 0.56
1482 0.56
1483 0.56
1484 0.56
1485 0.55
1486 0.55
1487 0.55
1488 0.54
1489 0.54
1490 0.54
1491 0.55
1492 0.55
1493 0.56
1494 0.57
1495 0.56
1496 0.56
1497 0.55
1498 0.55
1499 0.56
1500 0.56
1501 0.56
1502 0.57
1503 0.56
1504 0.56
1505 0.55
1506 0.56
1507 0.56
1508 0.56
1509 0.56
1510 0.55
1511 0.54
1512 0.55
1513 0.54
1514 0.53
1515 0.53
1516 0.52
1517 0.51
1518 0.51
1519 0.51
1520 0.51
1521 0.52
1522 0.52
1523 0.52
1524 0.53
1525 0.53
1526 0.52
1527 0.52
1528 0.52
1529 0.52
1530 0.52
1531 0.52
1532 0.52
1533 0.51
1534 0.52
1535 0.52
1536 0.51
1537 0.5
1538 0.51
1539 0.51
1540 0.51
1541 0.5
1542 0.5
1543 0.51
1544 0.52
1545 0.51
1546 0.5
1547 0.51
1548 0.51
1549 0.51
1550 0.5
1551 0.49
1552 0.48
1553 0.49
1554 0.49
1555 0.49
1556 0.48
1557 0.49
1558 0.5
1559 0.51
1560 0.51
1561 0.51
1562 0.51
1563 0.51
1564 0.5
1565 0.51
1566 0.51
1567 0.51
1568 0.52
1569 0.52
1570 0.52
1571 0.53
1572 0.54
1573 0.54
1574 0.55
1575 0.56
1576 0.55
1577 0.55
1578 0.55
1579 0.56
1580 0.56
1581 0.55
1582 0.55
1583 0.55
1584 0.56
1585 0.57
1586 0.57
1587 0.58
1588 0.58
1589 0.58
1590 0.58
1591 0.57
1592 0.58
1593 0.57
1594 0.56
1595 0.57
1596 0.57
1597 0.58
1598 0.58
1599 0.57
1600 0.57
1601 0.57
1602 0.57
1603 0.57
1604 0.57
1605 0.58
1606 0.58
1607 0.57
1608 0.56
1609 0.57
1610 0.58
1611 0.58
1612 0.58
1613 0.59
1614 0.59
1615 0.59
1616 0.6
1617 0.61
1618 0.62
1619 0.63
1620 0.63
1621 0.63
1622 0.63
1623 0.63
1624 0.63
1625 0.63
1626 0.64
1627 0.63
1628 0.62
1629 0.62
1630 0.62
1631 0.62
1632 0.62
1633 0.63
1634 0.63
1635 0.62
1636 0.62
1637 0.62
1638 0.62
1639 0.62
1640 0.63
1641 0.64
1642 0.65
1643 0.65
1644 0.65
1645 0.65
1646 0.66
1647 0.65
1648 0.65
1649 0.65
1650 0.65
1651 0.66
1652 0.66
1653 0.65
1654 0.66
1655 0.66
1656 0.66
1657 0.66
1658 0.65
1659 0.65
1660 0.65
1661 0.65
1662 0.65
1663 0.64
1664 0.64
1665 0.64
1666 0.65
1667 0.65
1668 0.64
1669 0.64
1670 0.64
1671 0.64
1672 0.63
1673 0.64
1674 0.63
1675 0.62
1676 0.63
1677 0.63
1678 0.63
1679 0.62
1680 0.63
1681 0.63
1682 0.63
1683 0.62
1684 0.62
1685 0.62
1686 0.61
1687 0.6
1688 0.6
1689 0.59
1690 0.6
1691 0.6
1692 0.59
1693 0.59
1694 0.6
1695 0.59
1696 0.58
1697 0.57
1698 0.57
1699 0.57
1700 0.56
1701 0.55
1702 0.54
1703 0.55
1704 0.54
1705 0.54
1706 0.54
1707 0.55
1708 0.56
1709 0.55
1710 0.55
1711 0.55
1712 0.55
1713 0.55
1714 0.56
1715 0.55
1716 0.55
1717 0.55
1718 0.55
1719 0.55
1720 0.55
1721 0.54
1722 0.54
1723 0.55
1724 0.55
1725 0.55
1726 0.55
1727 0.55
1728 0.55
1729 0.54
1730 0.54
1731 0.53
1732 0.52
1733 0.52
1734 0.52
1735 0.53
1736 0.53
1737 0.54
1738 0.53
1739 0.52
1740 0.51
1741 0.51
1742 0.5
1743 0.5
1744 0.5
1745 0.5
1746 0.5
1747 0.5
1748 0.49
1749 0.49
1750 0.49
1751 0.48
1752 0.49
1753 0.49
1754 0.48
1755 0.48
1756 0.48
1757 0.48
1758 0.49
1759 0.49
1760 0.49
1761 0.49
1762 0.49
1763 0.49
1764 0.5
1765 0.5
1766 0.5
1767 0.5
1768 0.5
1769 0.5
1770 0.49
1771 0.49
1772 0.5
1773 0.5
1774 0.5
1775 0.51
1776 0.51
1777 0.52
1778 0.53
1779 0.53
1780 0.52
1781 0.53
1782 0.52
1783 0.52
1784 0.52
1785 0.52
1786 0.52
1787 0.52
1788 0.53
1789 0.53
1790 0.53
1791 0.54
1792 0.54
1793 0.54
1794 0.54
1795 0.55
1796 0.56
1797 0.57
1798 0.57
1799 0.58
1800 0.59
1801 0.59
1802 0.6
1803 0.6
1804 0.61
1805 0.6
1806 0.6
1807 0.6
1808 0.59
1809 0.6
1810 0.59
1811 0.59
1812 0.58
1813 0.58
1814 0.58
1815 0.58
1816 0.58
1817 0.58
1818 0.58
1819 0.57
1820 0.57
1821 0.58
1822 0.57
1823 0.57
1824 0.57
1825 0.57
1826 0.56
1827 0.57
1828 0.58
1829 0.59
1830 0.58
1831 0.59
1832 0.6
1833 0.6
1834 0.59
1835 0.58
1836 0.58
1837 0.57
1838 0.57
1839 0.57
1840 0.58
1841 0.58
1842 0.58
1843 0.57
1844 0.57
1845 0.57
1846 0.57
1847 0.58
1848 0.59
1849 0.6
1850 0.61
1851 0.62
1852 0.62
1853 0.63
1854 0.64
1855 0.64
1856 0.65
1857 0.65
1858 0.65
1859 0.64
1860 0.63
1861 0.64
1862 0.63
1863 0.64
1864 0.63
1865 0.62
1866 0.62
1867 0.62
1868 0.62
1869 0.62
1870 0.63
1871 0.62
1872 0.62
1873 0.61
1874 0.62
1875 0.61
1876 0.61
1877 0.61
1878 0.61
1879 0.61
1880 0.62
1881 0.62
1882 0.62
1883 0.63
1884 0.63
1885 0.63
1886 0.64
1887 0.64
1888 0.64
1889 0.65
1890 0.64
1891 0.63
1892 0.64
1893 0.65
1894 0.65
1895 0.65
1896 0.65
1897 0.65
1898 0.66
1899 0.66
1900 0.66
1901 0.66
1902 0.66
1903 0.66
1904 0.66
1905 0.67
1906 0.66
1907 0.66
1908 0.67
1909 0.66
1910 0.66
1911 0.67
1912 0.68
1913 0.67
1914 0.67
1915 0.68
1916 0.68
1917 0.68
1918 0.68
1919 0.69
1920 0.68
1921 0.67
1922 0.68
1923 0.68
1924 0.67
1925 0.67
1926 0.67
1927 0.67
1928 0.66
1929 0.66
1930 0.67
1931 0.67
1932 0.67
1933 0.67
1934 0.67
1935 0.68
1936 0.69
1937 0.7
1938 0.7
1939 0.71
1940 0.7
1941 0.7
1942 0.71
1943 0.72
1944 0.71
1945 0.71
1946 0.7
1947 0.7
1948 0.7
1949 0.69
1950 0.69
1951 0.68
1952 0.67
1953 0.66
1954 0.65
1955 0.64
1956 0.63
1957 0.63
1958 0.62
1959 0.62
1960 0.63
1961 0.63
1962 0.64
1963 0.64
1964 0.65
1965 0.66
1966 0.66
1967 0.65
1968 0.66
1969 0.66
1970 0.65
1971 0.66
1972 0.66
1973 0.67
1974 0.67
1975 0.67
1976 0.67
1977 0.67
1978 0.67
1979 0.68
1980 0.68
1981 0.67
1982 0.68
1983 0.68
1984 0.67
1985 0.67
1986 0.67
1987 0.68
1988 0.67
1989 0.67
1990 0.68
1991 0.69
1992 0.69
1993 0.69
1994 0.68
1995 0.68
1996 0.67
1997 0.67
1998 0.66
1999 0.66
2000 0.65
2001 0.66
