1 0
2 0
3 0
4 0
5 0
6 0
7 0
8 0
9 0
10 0
11 0
12 0
13 0
14 0
15 0
16 0
17 0
18 0
19 0
20 0
21 0
22 0
23 0
24 0
25 0
26 0
27 0
28 0
29 0
30 0
31 0
32 0
33 0
34 0
35 0
36 0
37 0
38 0
39 0
40 0
41 0
42 0
43 0
44 0
45 0
46 0
47 0
48 0
49 0
50 0
51 0
52 0
53 0
54 0
55 0
56 0
57 0
58 0
59 0
60 0
61 0
62 0
63 0
64 0
65 0
66 0
67 0
68 0
69 0
70 0
71 0
72 0
73 0
74 0
75 0
76 0
77 0
78 0
79 0
80 0
81 0
82 0
83 0
84 0
85 0
86 0
87 0
88 0
89 0
90 0
91 0
92 0
93 0
94 0
95 0
96 0
97 0
98 0
99 0
100 0
101 0.0
102 0.0
103 0.0
104 0.0
105 0.0
106 0.0
107 0.0
108 0.0
109 0.0
110 0.0
111 0.0
112 0.0
113 0.0
114 0.0
115 0.0
116 0.0
117 0.0
118 0.0
119 0.0
120 0.0
121 0.0
122 0.0
123 0.0
124 0.0
125 0.0
126 0.0
127 0.0
128 0.0
129 0.0
130 0.0
131 0.0
132 0.0
133 0.0
134 0.0
135 0.0
136 0.0
137 0.0
138 0.0
139 0.0
140 0.0
141 0.0
142 0.0
143 0.0
144 0.0
145 0.0
146 0.0
147 0.0
148 0.0
149 0.0
150 0.0
151 0.0
152 0.0
153 0.0
154 0.0
155 0.0
156 0.0
157 0.0
158 0.0
159 0.0
160 0.0
161 0.0
162 0.0
163 0.0
164 0.0
165 0.0
166 0.0
167 0.0
168 0.0
169 0.0
170 0.0
171 0.0
172 0.0
173 0.0
174 0.0
175 0.0
176 0.0
177 0.0
178 0.0
179 0.0
180 0.0
181 0.0
182 0.0
183 0.0
184 0.0
185 0.0
186 0.0
187 0.0
188 0.0
189 0.0
190 0.0
191 0.0
192 0.0
193 0.0
194 0.0
195 0.0
196 0.0
197 0.01
198 0.01
199 0.01
200 0.01
201 0.01
202 0.01
203 0.01
204 0.01
205 0.01
206 0.01
207 0.01
208 0.01
209 0.01
210 0.01
211 0.01
212 0.01
213 0.01
214 0.01
215 0.01
216 0.01
217 0.01
218 0.01
219 0.01
220 0.02
221 0.02
222 0.02
223 0.02
224 0.02
225 0.02
226 0.02
227 0.03
228 0.03
229 0.03
230 0.03
231 0.03
232 0.03
233 0.03
234 0.03
235 0.03
236 0.03
237 0.03
238 0.03
239 0.03
240 0.03
241 0.03
242 0.03
243 0.03
244 0.03
245 0.03
246 0.04
247 0.04
248 0.04
249 0.04
250 0.04
251 0.04
252 0.04
253 0.04
254 0.04
255 0.04
256 0.04
257 0.04
258 0.04
259 0.04
260 0.04
261 0.04
262 0.04
263 0.04
264 0.04
265 0.04
266 0.04
267 0.04
268 0.04
269 0.05
270 0.05
271 0.05
272 0.05
273 0.05
274 0.05
275 0.05
276 0.05
277 0.05
278 0.05
279 0.05
280 0.05
281 0.06
282 0.06
283 0.06
284 0.06
285 0.06
286 0.06
287 0.07
288 0.07
289 0.07
290 0.07
291 0.07
292 0.07
293 0.07
294 0.07
295 0.07
296 0.07
297 0.06
298 0.06
299 0.06
300 0.06
301 0.06
302 0.06
303 0.06
304 0.06
305 0.06
306 0.06
307 0.06
308 0.06
309 0.07
310 0.07
311 0.07
312 0.07
313 0.08
314 0.08
315 0.08
316 0.08
317 0.08
318 0.08
319 0.08
320 0.07
321 0.07
322 0.07
323 0.07
324 0.07
325 0.07
326 0.07
327 0.06
328 0.06
329 0.06
330 0.06
331 0.06
332 0.06
333 0.06
334 0.06
335 0.06
336 0.07
337 0.07
338 0.07
339 0.07
340 0.07
341 0.07
342 0.07
343 0.07
344 0.07
345 0.07
346 0.06
347 0.06
348 0.06
349 0.06
350 0.06
351 0.06
352 0.07
353 0.08
354 0.08
355 0.08
356 0.08
357 0.09
358 0.09
359 0.09
360 0.09
361 0.09
362 0.1
363 0.1
364 0.1
365 0.11
366 0.11
367 0.12
368 0.12
369 0.11
370 0.12
371 0.12
372 0.12
373 0.12
374 0.12
375 0.12
376 0.12
377 0.12
378 0.12
379 0.12
380 0.12
381 0.12
382 0.12
383 0.12
384 0.12
385 0.12
386 0.12
387 0.11
388 0.11
389 0.11
390 0.11
391 0.11
392 0.11
393 0.12
394 0.13
395 0.13
396 0.13
397 0.13
398 0.13
399 0.14
400 0.14
401 0.14
402 0.14
403 0.14
404 0.14
405 0.14
406 0.15
407 0.15
408 0.15
409 0.15
410 0.15
411 0.15
412 0.15
413 0.14
414 0.15
415 0.16
416 0.16
417 0.17
418 0.17
419 0.18
420 0.18
421 0.19
422 0.19
423 0.19
424 0.19
425 0.2
426 0.2
427 0.2
428 0.2
429 0.2
430 0.21
431 0.21
432 0.21
433 0.21
434 0.22
435 0.22
436 0.21
437 0.22
438 0.22
439 0.22
440 0.22
441 0.23
442 0.23
443 0.23
444 0.24
445 0.24
446 0.24
447 0.25
448 0.25
449 0.25
450 0.26
451 0.26
452 0.25
453 0.24
454 0.25
455 0.25
456 0.26
457 0.25
458 0.26
459 0.26
460 0.26
461 0.26
462 0.25
463 0.26
464 0.26
465 0.25
466 0.25
467 0.25
468 0.26
469 0.26
470 0.25
471 0.25
472 0.25
473 0.25
474 0.25
475 0.25
476 0.25
477 0.25
478 0.25
479 0.25
480 0.25
481 0.24
482 0.24
483 0.24
484 0.24
485 0.24
486 0.24
487 0.24
488 0.24
489 0.24
490 0.24
491 0.24
492 0.24
493 0.24
494 0.23
495 0.23
496 0.23
497 0.23
498 0.24
499 0.23
500 0.23
501 0.23
502 0.24
503 0.24
504 0.24
505 0.24
506 0.23
507 0.23
508 0.23
509 0.23
510 0.23
511 0.23
512 0.23
513 0.23
514 0.22
515 0.21
516 0.22
517 0.22
518 0.22
519 0.21
520 0.21
521 0.2
522 0.21
523 0.21
524 0.22
525 0.22
526 0.22
527 0.22
528 0.23
529 0.24
530 0.23
531 0.24
532 0.25
533 0.25
534 0.25
535 0.25
536 0.25
537 0.25
538 0.25
539 0.25
540 0.25
541 0.25
542 0.25
543 0.25
544 0.25
545 0.26
546 0.27
547 0.27
548 0.27
549 0.27
550 0.26
551 0.27
552 0.27
553 0.28
554 0.28
555 0.28
556 0.28
557 0.28
558 0.28
559 0.28
560 0.28
561 0.28
562 0.28
563 0.27
564 0.28
565 0.29
566 0.3
567 0.3
568 0.3
569 0.3
570 0.3
571 0.31
572 0.31
573 0.31
574 0.31
575 0.31
576 0.31
577 0.31
578 0.31
579 0.31
580 0.32
581 0.32
582 0.32
583 0.33
584 0.33
585 0.33
586 0.33
587 0.33
588 0.33
589 0.34
590 0.35
591 0.35
592 0.35
593 0.34
594 0.35
595 0.35
596 0.36
597 0.37
598 0.36
599 0.36
600 0.36
601 0.37
602 0.36
603 0.36
604 0.36
605 0.36
606 0.36
607 0.36
608 0.37
609 0.37
610 0.38
611 0.39
612 0.4
613 0.41
614 0.41
615 0.41
616 0.4
617 0.39
618 0.39
619 0.39
620 0.4
621 0.4
622 0.4
623 0.4
624 0.39
625 0.38
626 0.39
627 0.4
628 0.39
629 0.38
630 0.38
631 0.38
632 0.38
633 0.38
634 0.38
635 0.38
636 0.38
637 0.38
638 0.38
639 0.39
640 0.39
641 0.38
642 0.38
643 0.38
644 0.38
645 0.37
646 0.36
647 0.35
648 0.36
649 0.36
650 0.37
651 0.37
652 0.37
653 0.36
654 0.35
655 0.36
656 0.36
657 0.36
658 0.35
659 0.36
660 0.36
661 0.37
662 0.37
663 0.38
664 0.37
665 0.36
666 0.35
667 0.34
668 0.33
669 0.34
670 0.35
671 0.35
672 0.36
673 0.36
674 0.36
675 0.36
676 0.36
677 0.37
678 0.37
679 0.38
680 0.37
681 0.38
682 0.38
683 0.37
684 0.37
685 0.38
686 0.38
687 0.39
688 0.39
689 0.39
690 0.38
691 0.39
692 0.4
693 0.41
694 0.4
695 0.41
696 0.4
697 0.39
698 0.4
699 0.4
700 0.4
701 0.4
702 0.4
703 0.41
704 0.41
705 0.41
706 0.42
707 0.42
708 0.42
709 0.41
710 0.41
711 0.4
712 0.4
713 0.39
714 0.4
715 0.41
716 0.41
717 0.42
718 0.43
719 0.43
720 0.43
721 0.44
722 0.44
723 0.45
724 0.45
725 0.45
726 0.45
727 0.45
728 0.46
729 0.47
730 0.47
731 0.47
732 0.47
733 0.47
734 0.46
735 0.46
736 0.47
737 0.47
738 0.47
739 0.46
740 0.47
741 0.48
742 0.49
743 0.5
744 0.49
745 0.5
746 0.5
747 0.51
748 0.5
749 0.5
750 0.49
751 0.49
752 0.49
753 0.5
754 0.5
755 0.49
756 0.49
757 0.49
758 0.5
759 0.5
760 0.5
761 0.5
762 0.51
763 0.5
764 0.51
765 0.52
766 0.52
767 0.53
768 0.54
769 0.53
770 0.53
771 0.53
772 0.52
773 0.52
774 0.52
775 0.52
776 0.53
777 0.52
778 0.52
779 0.52
780 0.53
781 0.53
782 0.54
783 0.54
784 0.54
785 0.54
786 0.55
787 0.55
788 0.56
789 0.55
790 0.56
791 0.55
792 0.54
793 0.53
794 0.54
795 0.53
796 0.53
797 0.54
798 0.53
799 0.54
800 0.55
801 0.54
802 0.54
803 0.54
804 0.54
805 0.55
806 0.55
807 0.56
808 0.55
809 0.56
810 0.56
811 0.57
812 0.57
813 0.58
814 0.57
815 0.56
816 0.56
817 0.56
818 0.55
819 0.56
820 0.55
821 0.55
822 0.54
823 0.53
824 0.53
825 0.53
826 0.53
827 0.52
828 0.51
829 0.5
830 0.5
831 0.49
832 0.48
833 0.48
834 0.48
835 0.48
836 0.47
837 0.46
838 0.46
839 0.46
840 0.45
841 0.44
842 0.43
843 0.42
844 0.42
845 0.41
846 0.41
847 0.4
848 0.4
849 0.4
850 0.4
851 0.39
852 0.39
853 0.38
854 0.38
855 0.38
856 0.37
857 0.37
858 0.36
859 0.35
860 0.35
861 0.35
862 0.35
863 0.35
864 0.34
865 0.34
866 0.35
867 0.34
868 0.34
869 0.35
870 0.35
871 0.34
872 0.35
873 0.36
874 0.37
875 0.38
876 0.37
877 0.38
878 0.39
879 0.38
880 0.38
881 0.38
882 0.38
883 0.38
884 0.39
885 0.39
886 0.39
887 0.39
888 0.39
889 0.39
890 0.39
891 0.39
892 0.4
893 0.4
894 0.39
895 0.4
896 0.4
897 0.39
898 0.4
899 0.39
900 0.39
901 0.4
902 0.41
903 0.41
904 0.42
905 0.41
906 0.41
907 0.4
908 0.41
909 0.4
910 0.4
911 0.4
912 0.39
913 0.39
914 0.4
915 0.41
916 0.42
917 0.42
918 0.43
919 0.43
920 0.43
921 0.42
922 0.43
923 0.44
924 0.44
925 0.45
926 0.44
927 0.45
928 0.46
929 0.47
930 0.48
931 0.48
932 0.48
933 0.49
934 0.49
935 0.5
936 0.51
937 0.52
938 0.53
939 0.54
940 0.54
941 0.54
942 0.55
943 0.56
944 0.56
945 0.57
946 0.58
947 0.58
948 0.58
949 0.59
950 0.59
951 0.6
952 0.61
953 0.62
954 0.63
955 0.64
956 0.65
957 0.66
958 0.67
959 0.68
960 0.69
961 0.69
962 0.69
963 0.7
964 0.71
965 0.7
966 0.69
967 0.7
968 0.69
969 0.69
970 0.69
971 0.7
972 0.7
973 0.69
974 0.69
975 0.69
976 0.7
977 0.69
978 0.68
979 0.69
980 0.69
981 0.69
982 0.69
983 0.69
984 0.68
985 0.67
986 0.66
987 0.66
988 0.66
989 0.67
990 0.67
991 0.68
992 0.67
993 0.68
994 0.69
995 0.68
996 0.68
997 0.69
998 0.68
999 0.68
1000 0.67
1001 0.66
1002 0.65
1003 0.64
1004 0.64
1005 0.64
1006 0.63
1007 0.63
1008 0.63
1009 0.63
1010 0.62
1011 0.61
1012 0.61
1013 0.6
1014 0.59
1015 0.59
1016 0.58
1017 0.57
1018 0.57
1019 0.56
1020 0.56
1021 0.57
1022 0.57
1023 0.56
1024 0.56
1025 0.56
1026 0.56
1027 0.56
1028 0.56
1029 0.55
1030 0.55
1031 0.56
1032 0.57
1033 0.56
1034 0.56
1035 0.55
1036 0.54
1037 0.54
1038 0.54
1039 0.54
1040 0.55
1041 0.55
1042 0.55
1043 0.55
1044 0.56
1045 0.56
1046 0.56
1047 0.56
1048 0.57
1049 0.57
1050 0.57
1051 0.56
1052 0.56
1053 0.56
1054 0.55
1055 0.54
1056 0.53
1057 0.53
1058 0.53
1059 0.53
1060 0.53
1061 0.53
1062 0.52
1063 0.52
1064 0.52
1065 0.52
1066 0.52
1067 0.52
1068 0.53
1069 0.52
1070 0.51
1071 0.51
1072 0.5
1073 0.51
1074 0.51
1075 0.51
1076 0.51
1077 0.51
1078 0.52
1079 0.52
1080 0.51
1081 0.51
1082 0.51
1083 0.51
1084 0.52
1085 0.53
1086 0.54
1087 0.54
1088 0.54
1089 0.53
1090 0.52
1091 0.51
1092 0.52
1093 0.52
1094 0.52
1095 0.52
1096 0.53
1097 0.53
1098 0.54
1099 0.55
1100 0.56
1101 0.57
1102 0.58
1103 0.59
1104 0.59
1105 0.6
1106 0.61
1107 0.62
1108 0.62
1109 0.63
1110 0.63
1111 0.63
1112 0.64
1113 0.64
1114 0.65
1115 0.65
1116 0.66
1117 0.67
1118 0.66
1119 0.66
1120 0.67
1121 0.66
1122 0.65
1123 0.66
1124 0.67
1125 0.67
1126 0.67
1127 0.66
1128 0.65
1129 0.65
1130 0.64
1131 0.63
1132 0.63
1133 0.63
1134 0.63
1135 0.63
1136 0.63
1137 0.63
1138 0.62
1139 0.61
1140 0.6
1141 0.61
1142 0.61
1143 0.6
1144 0.6
1145 0.59
1146 0.58
1147 0.58
1148 0.58
1149 0.57
1150 0.58
1151 0.58
1152 0.57
1153 0.57
1154 0.57
1155 0.57
1156 0.58
1157 0.58
1158 0.57
1159 0.57
1160 0.57
1161 0.56
1162 0.56
1163 0.56
1164 0.55
1165 0.56
1166 0.57
1167 0.56
1168 0.56
1169 0.57
1170 0.58
1171 0.58
1172 0.59
1173 0.59
1174 0.59
1175 0.59
1176 0.58
1177 0.59
1178 0.59
1179 0.58
1180 0.59
1181 0.58
1182 0.58
1183 0.59
1184 0.58
1185 0.57
1186 0.56
1187 0.56
1188 0.56
1189 0.57
1190 0.58
1191 0.58
1192 0.58
1193 0.58
1194 0.57
1195 0.58
1196 0.57
1197 0.56
1198 0.55
1199 0.54
1200 0.53
1201 0.52
1202 0.51
1203 0.5
1204 0.49
1205 0.48
1206 0.48
1207 0.47
1208 0.47
1209 0.46
1210 0.46
1211 0.47
1212 0.47
1213 0.47
1214 0.46
1215 0.45
1216 0.44
1217 0.44
1218 0.44
1219 0.44
1220 0.43
1221 0.43
1222 0.43
1223 0.42
1224 0.42
1225 0.41
1226 0.41
1227 0.42
1228 0.42
1229 0.42
1230 0.43
1231 0.44
1232 0.43
1233 0.43
1234 0.44
1235 0.45
1236 0.45
1237 0.45
1238 0.46
1239 0.47
1240 0.48
1241 0.47
1242 0.47
1243 0.48
1244 0.48
1245 0.48
1246 0.49
1247 0.49
1248 0.48
1249 0.48
1250 0.47
1251 0.47
1252 0.48
1253 0.47
1254 0.48
1255 0.48
1256 0.47
1257 0.47
1258 0.48
1259 0.48
1260 0.48
1261 0.49
1262 0.49
1263 0.48
1264 0.48
1265 0.48
1266 0.47
1267 0.47
1268 0.47
1269 0.47
1270 0.47
1271 0.46
1272 0.46
1273 0.46
1274 0.46
1275 0.46
1276 0.47
1277 0.47
1278 0.47
1279 0.48
1280 0.48
1281 0.48
1282 0.47
1283 0.47
1284 0.47
1285 0.48
1286 0.48
1287 0.48
1288 0.48
1289 0.47
1290 0.46
1291 0.46
1292 0.46
1293 0.45
1294 0.45
1295 0.44
1296 0.44
1297 0.44
1298 0.45
1299 0.46
1300 0.47
1301 0.47
1302 0.47
1303 0.48
1304 0.49
1305 0.49
1306 0.49
1307 0.5
1308 0.5
1309 0.51
1310 0.52
1311 0.51
1312 0.51
1313 0.52
1314 0.53
1315 0.54
1316 0.54
1317 0.53
1318 0.53
1319 0.53
1320 0.54
1321 0.54
1322 0.55
1323 0.55
1324 0.55
1325 0.55
1326 0.56
1327 0.56
1328 0.56
1329 0.56
1330 0.55
1331 0.54
1332 0.55
1333 0.56
1334 0.55
1335 0.55
1336 0.55
1337 0.55
1338 0.55
1339 0.55
1340 0.55
1341 0.56
1342 0.56
1343 0.56
1344 0.55
1345 0.55
1346 0.55
1347 0.56
1348 0.57
1349 0.57
1350 0.58
1351 0.58
1352 0.57
1353 0.58
1354 0.57
1355 0.58
1356 0.59
1357 0.59
1358 0.59
1359 0.59
1360 0.58
1361 0.58
1362 0.59
1363 0.6
1364 0.6
1365 0.6
1366 0.6
1367 0.61
1368 0.61
1369 0.6
1370 0.59
1371 0.6
1372 0.6
1373 0.59
1374 0.59
1375 0.59
1376 0.58
1377 0.58
1378 0.57
1379 0.57
1380 0.57
1381 0.58
1382 0.59
1383 0.58
1384 0.58
1385 0.58
1386 0.59
1387 0.58
1388 0.58
1389 0.59
1390 0.6
1391 0.61
1392 0.61
1393 0.61
1394 0.62
1395 0.63
1396 0.64
1397 0.65
1398 0.65
1399 0.65
1400 0.65
1401 0.65
1402 0.66
1403 0.65
1404 0.65
1405 0.66
1406 0.66
1407 0.65
1408 0.65
1409 0.65
1410 0.65
1411 0.65
1412 0.64
1413 0.64
1414 0.64
1415 0.64
1416 0.65
1417 0.66
1418 0.67
1419 0.67
1420 0.67
1421 0.68
1422 0.68
1423 0.69
1424 0.68
1425 0.68
1426 0.68
1427 0.68
1428 0.69
1429 0.7
1430 0.71
1431 0.72
1432 0.71
1433 0.7
1434 0.7
1435 0.7
1436 0.71
1437 0.71
1438 0.71
1439 0.7
1440 0.7
1441 0.7
1442 0.69
1443 0.69
1444 0.7
1445 0.71
1446 0.71
1447 0.71
1448 0.71
1449 0.71
1450 0.71
1451 0.72
1452 0.72
1453 0.71
1454 0.71
1455 0.71
1456 0.7
1457 0.7
1458 0.7
1459 0.7
1460 0.71
1461 0.71
1462 0.71
1463 0.71
1464 0.72
1465 0.72
1466 0.73
1467 0.73
1468 0.73
1469 0.73
1470 0.74
1471 0.73
1472 0.73
1473 0.74
1474 0.74
1475 0.74
1476 0.75
1477 0.75
1478 0.76
1479 0.76
1480 0.76
1481 0.76
1482 0.75
1483 0.75
1484 0.76
1485 0.75
1486 0.74
1487 0.75
1488 0.74
1489 0.73
1490 0.72
1491 0.72
1492 0.72
1493 0.72
1494 0.72
1495 0.72
1496 0.71
1497 0.7
1498 0.69
1499 0.69
1500 0.68
1501 0.68
1502 0.68
1503 0.68
1504 0.68
1505 0.68
1506 0.67
1507 0.68
1508 0.68
1509 0.67
1510 0.67
1511 0.68
1512 0.69
1513 0.68
1514 0.68
1515 0.67
1516 0.67
1517 0.66
1518 0.66
1519 0.67
1520 0.66
1521 0.66
1522 0.65
1523 0.64
1524 0.65
1525 0.66
1526 0.65
1527 0.64
1528 0.63
1529 0.62
1530 0.62
1531 0.62
1532 0.62
1533 0.63
1534 0.63
1535 0.62
1536 0.62
1537 0.61
1538 0.61
1539 0.61
1540 0.61
1541 0.6
1542 0.61
1543 0.61
1544 0.6
1545 0.6
1546 0.59
1547 0.58
1548 0.57
1549 0.57
1550 0.57
1551 0.57
1552 0.58
1553 0.59
1554 0.6
1555 0.59
1556 0.6
1557 0.6
1558 0.59
1559 0.59
1560 0.58
1561 0.58
1562 0.58
1563 0.58
1564 0.57
1565 0.57
1566 0.57
1567 0.56
1568 0.56
1569 0.56
1570 0.56
1571 0.57
1572 0.57
1573 0.56
1574 0.56
1575 0.56
1576 0.56
1577 0.56
1578 0.55
1579 0.54
1580 0.54
1581 0.54
1582 0.55
1583 0.55
1584 0.54
1585 0.55
1586 0.56
1587 0.56
1588 0.56
1589 0.56
1590 0.57
1591 0.57
1592 0.56
1593 0.56
1594 0.55
1595 0.54
1596 0.54
1597 0.55
1598 0.55
1599 0.55
1600 0.56
1601 0.57
1602 0.57
1603 0.58
1604 0.58
1605 0.57
1606 0.58
1607 0.58
1608 0.57
1609 0.58
1610 0.58
1611 0.58
1612 0.58
1613 0.58
1614 0.58
1615 0.59
1616 0.58
1617 0.59
1618 0.59
1619 0.59
1620 0.6
1621 0.6
1622 0.61
1623 0.61
1624 0.61
1625 0.6
1626 0.61
1627 0.62
1628 0.63
1629 0.64
1630 0.63
1631 0.63
1632 0.63
1633 0.62
1634 0.63
1635 0.63
1636 0.63
1637 0.63
1638 0.62
1639 0.62
1640 0.62
1641 0.62
1642 0.61
1643 0.6
1644 0.61
1645 0.61
1646 0.62
1647 0.62
1648 0.63
1649 0.64
1650 0.64
1651 0.64
1652 0.64
1653 0.64
1654 0.64
1655 0.65
1656 0.65
1657 0.65
1658 0.66
1659 0.66
1660 0.67
1661 0.66
1662 0.66
1663 0.66
1664 0.67
1665 0.66
1666 0.66
1667 0.66
1668 0.66
1669 0.67
1670 0.67
1671 0.66
1672 0.66
1673 0.67
1674 0.67
1675 0.67
1676 0.67
1677 0.67
1678 0.67
1679 0.67
1680 0.67
1681 0.66
1682 0.65
1683 0.66
1684 0.67
1685 0.67
1686 0.67
1687 0.66
1688 0.67
1689 0.68
1690 0.68
1691 0.68
1692 0.69
1693 0.69
1694 0.7
1695 0.7
1696 0.71
1697 0.7
1698 0.7
1699 0.7
1700 0.69
1701 0.69
1702 0.68
1703 0.67
1704 0.67
1705 0.68
1706 0.68
1707 0.68
1708 0.69
1709 0.69
1710 0.69
1711 0.69
1712 0.68
1713 0.69
1714 0.69
1715 0.68
1716 0.68
1717 0.68
1718 0.67
1719 0.67
1720 0.67
1721 0.67
1722 0.66
1723 0.67
1724 0.67
1725 0.68
1726 0.68
1727 0.68
1728 0.68
1729 0.68
1730 0.69
1731 0.69
1732 0.7
1733 0.7
1734 0.7
1735 0.7
1736 0.7
1737 0.7
1738 0.71
1739 0.72
1740 0.71
1741 0.72
1742 0.72
1743 0.73
1744 0.73
1745 0.72
1746 0.72
1747 0.72
1748 0.72
1749 0.72
1750 0.72
1751 0.72
1752 0.71
1753 0.71
1754 0.71
1755 0.71
1756 0.71
1757 0.71
1758 0.71
1759 0.71
1760 0.71
1761 0.72
1762 0.72
1763 0.72
1764 0.72
1765 0.73
1766 0.73
1767 0.74
1768 0.74
1769 0.73
1770 0.73
1771 0.74
1772 0.73
1773 0.73
1774 0.72
1775 0.72
1776 0.72
1777 0.72
1778 0.73
1779 0.74
1780 0.74
1781 0.74
1782 0.74
1783 0.74
1784 0.73
1785 0.73
1786 0.72
1787 0.73
1788 0.72
1789 0.72
1790 0.71
1791 0.71
1792 0.7
1793 0.71
1794 0.7
1795 0.7
1796 0.7
1797 0.71
1798 0.71
1799 0.71
1800 0.71
1801 0.7
1802 0.7
1803 0.71
1804 0.71
1805 0.7
1806 0.69
1807 0.68
1808 0.67
1809 0.66
1810 0.66
1811 0.66
1812 0.67
1813 0.67
1814 0.67
1815 0.67
1816 0.67
1817 0.67
1818 0.67
1819 0.66
1820 0.66
1821 0.65
1822 0.65
1823 0.64
1824 0.63
1825 0.62
1826 0.62
1827 0.61
1828 0.61
1829 0.61
1830 0.61
1831 0.6
1832 0.6
1833 0.6
1834 0.6
1835 0.6
1836 0.6
1837 0.61
1838 0.6
1839 0.6
1840 0.61
1841 0.61
1842 0.61
1843 0.61
1844 0.61
1845 0.61
1846 0.61
1847 0.61
1848 0.61
1849 0.6
1850 0.6
1851 0.6
1852 0.61
1853 0.61
1854 0.6
1855 0.6
1856 0.6
1857 0.6
1858 0.6
1859 0.59
1860 0.59
1861 0.58
1862 0.57
1863 0.56
1864 0.55
1865 0.54
1866 0.53
1867 0.52
1868 0.51
1869 0.51
1870 0.5
1871 0.49
1872 0.49
1873 0.48
1874 0.48
1875 0.47
1876 0.46
1877 0.45
1878 0.44
1879 0.43
1880 0.42
1881 0.42
1882 0.42
1883 0.41
1884 0.41
1885 0.4
1886 0.4
1887 0.39
1888 0.39
1889 0.38
1890 0.38
1891 0.37
1892 0.37
1893 0.36
1894 0.36
1895 0.36
1896 0.35
1897 0.34
1898 0.34
1899 0.33
1900 0.33
1901 0.33
1902 0.33
1903 0.32
1904 0.31
1905 0.31
1906 0.31
1907 0.31
1908 0.31
1909 0.32
1910 0.31
1911 0.31
1912 0.3
1913 0.29
1914 0.28
1915 0.28
1916 0.28
1917 0.27
1918 0.27
1919 0.27
1920 0.26
1921 0.27
1922 0.27
1923 0.27
1924 0.28
1925 0.28
1926 0.28
1927 0.28
1928 0.28
1929 0.28
1930 0.28
1931 0.28
1932 0.27
1933 0.28
1934 0.28
1935 0.29
1936 0.29
1937 0.29
1938 0.3
1939 0.3
1940 0.3
1941 0.3
1942 0.31
1943 0.31
1944 0.31
1945 0.32
1946 0.32
1947 0.32
1948 0.32
1949 0.32
1950 0.32
1951 0.32
1952 0.31
1953 0.3
1954 0.3
1955 0.3
1956 0.29
1957 0.28
1958 0.28
1959 0.28
1960 0.28
1961 0.28
1962 0.28
1963 0.29
1964 0.3
1965 0.3
1966 0.31
1967 0.32
1968 0.32
1969 0.33
1970 0.34
1971 0.34
1972 0.34
1973 0.35
1974 0.36
1975 0.37
1976 0.38
1977 0.38
1978 0.39
1979 0.4
1980 0.41
1981 0.42
1982 0.42
1983 0.43
1984 0.44
1985 0.45
1986 0.46
1987 0.47
1988 0.48
1989 0.48
1990 0.49
1991 0.49
1992 0.5
1993 0.51
1994 0.52
1995 0.53
1996 0.53
1997 0.53
1998 0.54
1999 0.55
2000 0.56
2001 0.56
1 0
2 0
3 0
4 0
5 0
6 0
7 0
8 0
9 0
10 0
11 0
12 0
13 0
14 0
15 0
16 0
17 0
18 0
19 0
20 0
21 0
22 0
23 0
24 0
25 0
26 0
27 0
28 0
29 0
30 0
31 0
32 0
33 0
34 0
35 0
36 0
37 0
38 0
39 0
40 0
41 0
42 0
43 0
44 0
45 0
46 0
47 0
48 0
49 0
50 0
51 0
52 0
53 0
54 0
55 0
56 0
57 0
58 0
59 0
60 0
61 0
62 0
63 0
64 0
65 0
66 0
67 0
68 0
69 0
70 0
71 0
72 0
73 0
74 0
75 0
76 0
77 0
78 0
79 0
80 0
81 0
82 0
83 0
84 0
85 0
86 0
87 0
88 0
89 0
90 0
91 0
92 0
93 0
94 0
95 0
96 0
97 0
98 0
99 0
100 0
101 0.0
102 0.0
103 0.0
104 0.0
105 0.0
106 0.0
107 0.0
108 0.0
109 0.0
110 0.0
111 0.0
112 0.0
113 0.0
114 0.0
115 0.0
116 0.0
117 0.01
118 0.01
119 0.01
120 0.01
121 0.01
122 0.01
123 0.01
124 0.01
125 0.01
126 0.01
127 0.01
128 0.01
129 0.01
130 0.01
131 0.01
132 0.01
133 0.01
134 0.01
135 0.01
136 0.01
137 0.01
138 0.01
139 0.01
140 0.01
141 0.01
142 0.01
143 0.01
144 0.01
145 0.01
146 0.01
147 0.01
148 0.01
149 0.01
150 0.01
151 0.01
152 0.01
153 0.01
154 0.01
155 0.01
156 0.01
157 0.01
158 0.01
159 0.01
160 0.01
161 0.01
162 0.01
163 0.01
164 0.01
165 0.01
166 0.01
167 0.01
168 0.01
169 0.01
170 0.01
171 0.01
172 0.01
173 0.01
174 0.01
175 0.01
176 0.01
177 0.01
178 0.01
179 0.01
180 0.01
181 0.01
182 0.01
183 0.01
184 0.01
185 0.01
186 0.01
187 0.01
188 0.01
189 0.01
190 0.01
191 0.01
192 0.01
193 0.01
194 0.01
195 0.01
196 0.01
197 0.01
198 0.01
199 0.01
200 0.01
201 0.01
202 0.01
203 0.01
204 0.01
205 0.01
206 0.01
207 0.01
208 0.01
209 0.01
210 0.01
211 0.01
212 0.01
213 0.02
214 0.02
215 0.02
216 0.02
217 0.01
218 0.01
219 0.01
220 0.01
221 0.01
222 0.01
223 0.01
224 0.01
225 0.01
226 0.01
227 0.01
228 0.01
229 0.01
230 0.01
231 0.01
232 0.02
233 0.02
234 0.02
235 0.02
236 0.02
237 0.02
238 0.02
239 0.02
240 0.02
241 0.02
242 0.02
243 0.03
244 0.03
245 0.03
246 0.04
247 0.04
248 0.04
249 0.04
250 0.04
251 0.04
252 0.04
253 0.04
254 0.04
255 0.05
256 0.05
257 0.06
258 0.06
259 0.06
260 0.06
261 0.06
262 0.06
263 0.06
264 0.07
265 0.07
266 0.07
267 0.07
268 0.08
269 0.08
270 0.09
271 0.09
272 0.09
273 0.09
274 0.1
275 0.1
276 0.1
277 0.1
278 0.1
279 0.1
280 0.1
281 0.11
282 0.11
283 0.12
284 0.12
285 0.13
286 0.13
287 0.13
288 0.13
289 0.13
290 0.13
291 0.13
292 0.14
293 0.14
294 0.14
295 0.14
296 0.15
297 0.15
298 0.15
299 0.15
300 0.15
301 0.15
302 0.15
303 0.15
304 0.16
305 0.16
306 0.16
307 0.16
308 0.16
309 0.16
310 0.16
311 0.16
312 0.16
313 0.15
314 0.15
315 0.15
316 0.15
317 0.15
318 0.15
319 0.15
320 0.15
321 0.15
322 0.15
323 0.16
324 0.16
325 0.17
326 0.17
327 0.17
328 0.17
329 0.17
330 0.17
331 0.17
332 0.16
333 0.16
334 0.16
335 0.16
336 0.16
337 0.16
338 0.16
339 0.16
340 0.17
341 0.17
342 0.18
343 0.18
344 0.18
345 0.19
346 0.18
347 0.18
348 0.18
349 0.18
350 0.19
351 0.19
352 0.2
353 0.21
354 0.21
355 0.2
356 0.21
357 0.2
358 0.21
359 0.22
360 0.22
361 0.23
362 0.24
363 0.24
364 0.23
365 0.23
366 0.23
367 0.24
368 0.23
369 0.24
370 0.24
371 0.24
372 0.24
373 0.25
374 0.24
375 0.24
376 0.25
377 0.26
378 0.26
379 0.26
380 0.27
381 0.27
382 0.28
383 0.27
384 0.27
385 0.26
386 0.26
387 0.26
388 0.26
389 0.26
390 0.26
391 0.26
392 0.25
393 0.26
394 0.26
395 0.27
396 0.26
397 0.26
398 0.26
399 0.27
400 0.28
401 0.28
402 0.28
403 0.28
404 0.28
405 0.28
406 0.28
407 0.29
408 0.3
409 0.3
410 0.3
411 0.3
412 0.3
413 0.3
414 0.31
415 0.31
416 0.32
417 0.32
418 0.32
419 0.33
420 0.34
421 0.34
422 0.35
423 0.34
424 0.35
425 0.35
426 0.35
427 0.36
428 0.36
429 0.37
430 0.37
431 0.37
432 0.37
433 0.38
434 0.39
435 0.39
436 0.4
437 0.4
438 0.4
439 0.4
440 0.4
441 0.4
442 0.39
443 0.38
444 0.38
445 0.38
446 0.38
447 0.38
448 0.39
449 0.39
450 0.38
451 0.39
452 0.39
453 0.38
454 0.38
455 0.38
456 0.37
457 0.38
458 0.37
459 0.37
460 0.38
461 0.38
462 0.38
463 0.39
464 0.4
465 0.4
466 0.4
467 0.39
468 0.39
469 0.39
470 0.38
471 0.39
472 0.39
473 0.39
474 0.4
475 0.4
476 0.4
477 0.39
478 0.4
479 0.4
480 0.4
481 0.39
482 0.38
483 0.39
484 0.4
485 0.4
486 0.41
487 0.41
488 0.41
489 0.41
490 0.41
491 0.41
492 0.41
493 0.4
494 0.41
495 0.4
496 0.4
497 0.4
498 0.4
499 0.39
500 0.39
501 0.39
502 0.4
503 0.4
504 0.39
505 0.4
506 0.41
507 0.41
508 0.4
509 0.4
510 0.4
511 0.4
512 0.4
513 0.4
514 0.39
515 0.39
516 0.38
517 0.38
518 0.38
519 0.37
520 0.36
521 0.37
522 0.36
523 0.37
524 0.37
525 0.36
526 0.36
527 0.35
528 0.35
529 0.34
530 0.35
531 0.35
532 0.35
533 0.35
534 0.34
535 0.34
536 0.34
537 0.35
538 0.35
539 0.36
540 0.36
541 0.36
542 0.37
543 0.38
544 0.39
545 0.38
546 0.38
547 0.39
548 0.39
549 0.4
550 0.41
551 0.4
552 0.4
553 0.4
554 0.4
555 0.41
556 0.42
557 0.41
558 0.42
559 0.42
560 0.41
561 0.4
562 0.4
563 0.4
564 0.4
565 0.41
566 0.42
567 0.43
568 0.43
569 0.43
570 0.43
571 0.42
572 0.42
573 0.41
574 0.4
575 0.41
576 0.41
577 0.42
578 0.41
579 0.41
580 0.41
581 0.42
582 0.43
583 0.43
584 0.42
585 0.43
586 0.42
587 0.43
588 0.44
589 0.44
590 0.45
591 0.45
592 0.45
593 0.46
594 0.45
595 0.45
596 0.45
597 0.46
598 0.46
599 0.46
600 0.46
601 0.46
602 0.46
603 0.47
604 0.48
605 0.47
606 0.47
607 0.47
608 0.47
609 0.48
610 0.49
611 0.49
612 0.49
613 0.49
614 0.49
615 0.49
616 0.49
617 0.49
618 0.49
619 0.49
620 0.5
621 0.5
622 0.5
623 0.5
624 0.49
625 0.49
626 0.49
627 0.49
628 0.49
629 0.49
630 0.48
631 0.48
632 0.49
633 0.48
634 0.49
635 0.5
636 0.49
637 0.49
638 0.49
639 0.49
640 0.49
641 0.5
642 0.49
643 0.48
644 0.47
645 0.48
646 0.49
647 0.48
648 0.47
649 0.47
650 0.47
651 0.47
652 0.47
653 0.48
654 0.49
655 0.48
656 0.48
657 0.49
658 0.49
659 0.48
660 0.48
661 0.49
662 0.48
663 0.48
664 0.47
665 0.46
666 0.45
667 0.44
668 0.45
669 0.44
670 0.44
671 0.44
672 0.44
673 0.44
674 0.44
675 0.43
676 0.42
677 0.41
678 0.42
679 0.43
680 0.43
681 0.43
682 0.42
683 0.42
684 0.43
685 0.42
686 0.42
687 0.42
688 0.42
689 0.42
690 0.42
691 0.43
692 0.43
693 0.43
694 0.44
695 0.44
696 0.45
697 0.44
698 0.44
699 0.45
700 0.44
701 0.44
702 0.44
703 0.44
704 0.43
705 0.44
706 0.43
707 0.43
708 0.43
709 0.42
710 0.42
711 0.43
712 0.43
713 0.43
714 0.43
715 0.43
716 0.43
717 0.43
718 0.44
719 0.44
720 0.44
721 0.44
722 0.45
723 0.45
724 0.46
725 0.47
726 0.48
727 0.49
728 0.5
729 0.5
730 0.51
731 0.51
732 0.51
733 0.51
734 0.5
735 0.49
736 0.5
737 0.49
738 0.49
739 0.48
740 0.47
741 0.47
742 0.47
743 0.47
744 0.47
745 0.46
746 0.45
747 0.45
748 0.46
749 0.46
750 0.46
751 0.47
752 0.46
753 0.46
754 0.45
755 0.45
756 0.44
757 0.43
758 0.42
759 0.42
760 0.42
761 0.42
762 0.43
763 0.43
764 0.43
765 0.43
766 0.43
767 0.44
768 0.43
769 0.43
770 0.44
771 0.44
772 0.45
773 0.45
774 0.46
775 0.46
776 0.46
777 0.46
778 0.45
779 0.44
780 0.43
781 0.42
782 0.42
783 0.41
784 0.4
785 0.41
786 0.41
787 0.41
788 0.41
789 0.41
790 0.41
791 0.4
792 0.4
793 0.39
794 0.38
795 0.38
796 0.37
797 0.37
798 0.37
799 0.37
800 0.38
801 0.39
802 0.39
803 0.38
804 0.39
805 0.39
806 0.39
807 0.39
808 0.4
809 0.4
810 0.39
811 0.39
812 0.39
813 0.39
814 0.39
815 0.39
816 0.39
817 0.39
818 0.38
819 0.39
820 0.39
821 0.38
822 0.38
823 0.38
824 0.37
825 0.37
826 0.36
827 0.35
828 0.34
829 0.35
830 0.35
831 0.36
832 0.36
833 0.37
834 0.37
835 0.37
836 0.37
837 0.38
838 0.38
839 0.38
840 0.39
841 0.39
842 0.4
843 0.4
844 0.41
845 0.41
846 0.42
847 0.43
848 0.43
849 0.42
850 0.41
851 0.41
852 0.41
853 0.41
854 0.42
855 0.43
856 0.44
857 0.45
858 0.46
859 0.46
860 0.47
861 0.47
862 0.46
863 0.46
864 0.46
865 0.47
866 0.47
867 0.47
868 0.47
869 0.48
870 0.48
871 0.48
872 0.48
873 0.49
874 0.49
875 0.5
876 0.51
877 0.51
878 0.52
879 0.53
880 0.54
881 0.55
882 0.56
883 0.57
884 0.58
885 0.58
886 0.58
887 0.58
888 0.57
889 0.57
890 0.56
891 0.56
892 0.57
893 0.57
894 0.58
895 0.58
896 0.59
897 0.6
898 0.61
899 0.61
900 0.61
901 0.61
902 0.6
903 0.61
904 0.6
905 0.6
906 0.61
907 0.61
908 0.61
909 0.61
910 0.62
911 0.62
912 0.63
913 0.63
914 0.64
915 0.64
916 0.65
917 0.66
918 0.67
919 0.67
920 0.67
921 0.67
922 0.67
923 0.66
924 0.66
925 0.66
926 0.66
927 0.67
928 0.67
929 0.67
930 0.66
931 0.65
932 0.65
933 0.64
934 0.64
935 0.64
936 0.64
937 0.63
938 0.64
939 0.64
940 0.64
941 0.64
942 0.63
943 0.63
944 0.63
945 0.63
946 0.62
947 0.62
948 0.62
949 0.62
950 0.63
951 0.63
952 0.64
953 0.63
954 0.63
955 0.63
956 0.62
957 0.61
958 0.61
959 0.62
960 0.62
961 0.62
962 0.62
963 0.61
964 0.62
965 0.62
966 0.63
967 0.63
968 0.64
969 0.64
970 0.64
971 0.64
972 0.64
973 0.64
974 0.63
975 0.63
976 0.63
977 0.64
978 0.64
979 0.63
980 0.63
981 0.63
982 0.63
983 0.63
984 0.62
985 0.62
986 0.63
987 0.62
988 0.63
989 0.64
990 0.64
991 0.65
992 0.65
993 0.66
994 0.66
995 0.66
996 0.65
997 0.65
998 0.65
999 0.64
1000 0.64
1001 0.63
1002 0.63
1003 0.62
1004 0.62
1005 0.62
1006 0.61
1007 0.61
1008 0.61
1009 0.61
1010 0.6
1011 0.59
1012 0.58
1013 0.58
1014 0.58
1015 0.59
1016 0.58
1017 0.57
1018 0.56
1019 0.55
1020 0.54
1021 0.54
1022 0.53
1023 0.53
1024 0.53
1025 0.52
1026 0.52
1027 0.51
1028 0.51
1029 0.5
1030 0.51
1031 0.51
1032 0.5
1033 0.5
1034 0.51
1035 0.51
1036 0.51
1037 0.51
1038 0.5
1039 0.5
1040 0.5
1041 0.49
1042 0.5
1043 0.51
1044 0.5
1045 0.51
1046 0.52
1047 0.52
1048 0.51
1049 0.52
1050 0.52
1051 0.52
1052 0.51
1053 0.52
1054 0.51
1055 0.51
1056 0.51
1057 0.52
1058 0.51
1059 0.51
1060 0.51
1061 0.51
1062 0.51
1063 0.51
1064 0.5
1065 0.5
1066 0.49
1067 0.49
1068 0.48
1069 0.47
1070 0.47
1071 0.47
1072 0.47
1073 0.47
1074 0.47
1075 0.47
1076 0.47
1077 0.47
1078 0.47
1079 0.48
1080 0.48
1081 0.48
1082 0.47
1083 0.47
1084 0.47
1085 0.47
1086 0.46
1087 0.47
1088 0.47
1089 0.47
1090 0.48
1091 0.48
1092 0.48
1093 0.48
1094 0.48
1095 0.49
1096 0.5
1097 0.49
1098 0.49
1099 0.49
1100 0.49
1101 0.5
1102 0.5
1103 0.5
1104 0.51
1105 0.5
1106 0.5
1107 0.5
1108 0.49
1109 0.5
1110 0.5
1111 0.51
1112 0.52
1113 0.53
1114 0.53
1115 0.52
1116 0.52
1117 0.53
1118 0.54
1119 0.55
1120 0.55
1121 0.56
1122 0.56
1123 0.56
1124 0.57
1125 0.58
1126 0.59
1127 0.6
1128 0.61
1129 0.62
1130 0.61
1131 0.62
1132 0.63
1133 0.63
1134 0.63
1135 0.64
1136 0.64
1137 0.64
1138 0.65
1139 0.66
1140 0.66
1141 0.67
1142 0.66
1143 0.66
1144 0.67
1145 0.67
1146 0.66
1147 0.66
1148 0.66
1149 0.66
1150 0.66
1151 0.66
1152 0.67
1153 0.67
1154 0.68
1155 0.67
1156 0.68
1157 0.67
1158 0.67
1159 0.66
1160 0.65
1161 0.64
1162 0.65
1163 0.65
1164 0.65
1165 0.64
1166 0.65
1167 0.64
1168 0.64
1169 0.64
1170 0.64
1171 0.64
1172 0.64
1173 0.64
1174 0.64
1175 0.63
1176 0.62
1177 0.62
1178 0.62
1179 0.62
1180 0.62
1181 0.62
1182 0.62
1183 0.61
1184 0.61
1185 0.6
1186 0.6
1187 0.59
1188 0.58
1189 0.57
1190 0.56
1191 0.55
1192 0.54
1193 0.53
1194 0.53
1195 0.53
1196 0.53
1197 0.54
1198 0.54
1199 0.54
1200 0.53
1201 0.53
1202 0.53
1203 0.53
1204 0.53
1205 0.54
1206 0.55
1207 0.54
1208 0.55
1209 0.55
1210 0.55
1211 0.54
1212 0.53
1213 0.52
1214 0.51
1215 0.51
1216 0.51
1217 0.5
1218 0.49
1219 0.49
1220 0.5
1221 0.5
1222 0.51
1223 0.51
1224 0.51
1225 0.51
1226 0.5
1227 0.5
1228 0.5
1229 0.49
1230 0.5
1231 0.5
1232 0.5
1233 0.51
1234 0.5
1235 0.49
1236 0.49
1237 0.49
1238 0.49
1239 0.48
1240 0.48
1241 0.47
1242 0.48
1243 0.47
1244 0.47
1245 0.46
1246 0.47
1247 0.47
1248 0.48
1249 0.47
1250 0.47
1251 0.46
1252 0.45
1253 0.44
1254 0.44
1255 0.44
1256 0.44
1257 0.44
1258 0.44
1259 0.44
1260 0.45
1261 0.45
1262 0.45
1263 0.46
1264 0.47
1265 0.47
1266 0.47
1267 0.47
1268 0.48
1269 0.49
1270 0.49
1271 0.49
1272 0.49
1273 0.49
1274 0.5
1275 0.51
1276 0.52
1277 0.52
1278 0.51
1279 0.5
1280 0.5
1281 0.5
1282 0.51
1283 0.51
1284 0.51
1285 0.52
1286 0.53
1287 0.54
1288 0.54
1289 0.55
1290 0.55
1291 0.56
1292 0.56
1293 0.57
1294 0.56
1295 0.55
1296 0.55
1297 0.55
1298 0.55
1299 0.56
1300 0.56
1301 0.56
1302 0.57
1303 0.58
1304 0.58
1305 0.57
1306 0.56
1307 0.57
1308 0.56
1309 0.56
1310 0.56
1311 0.57
1312 0.58
1313 0.58
1314 0.59
1315 0.6
1316 0.6
1317 0.61
1318 0.62
1319 0.62
1320 0.61
1321 0.61
1322 0.61
1323 0.61
1324 0.6
1325 0.6
1326 0.61
1327 0.6
1328 0.59
1329 0.59
1330 0.59
1331 0.58
1332 0.58
1333 0.57
1334 0.58
1335 0.59
1336 0.59
1337 0.6
1338 0.6
1339 0.61
1340 0.6
1341 0.61
1342 0.61
1343 0.62
1344 0.62
1345 0.63
1346 0.62
1347 0.61
1348 0.61
1349 0.62
1350 0.62
1351 0.62
1352 0.63
1353 0.64
1354 0.64
1355 0.65
1356 0.65
1357 0.66
1358 0.67
1359 0.67
1360 0.67
1361 0.68
1362 0.68
1363 0.68
1364 0.68
1365 0.68
1366 0.68
1367 0.69
1368 0.68
1369 0.67
1370 0.67
1371 0.68
1372 0.67
1373 0.67
1374 0.66
1375 0.66
1376 0.66
1377 0.66
1378 0.66
1379 0.66
1380 0.66
1381 0.66
1382 0.66
1383 0.67
1384 0.68
1385 0.68
1386 0.68
1387 0.68
1388 0.69
1389 0.68
1390 0.69
1391 0.69
1392 0.69
1393 0.68
1394 0.69
1395 0.7
1396 0.69
1397 0.68
1398 0.68
1399 0.68
1400 0.69
1401 0.69
1402 0.69
1403 0.69
1404 0.68
1405 0.68
1406 0.69
1407 0.69
1408 0.69
1409 0.69
1410 0.7
1411 0.69
1412 0.69
1413 0.7
1414 0.7
1415 0.7
1416 0.71
1417 0.7
1418 0.69
1419 0.69
1420 0.69
1421 0.69
1422 0.68
1423 0.69
1424 0.7
1425 0.7
1426 0.69
1427 0.7
1428 0.7
1429 0.7
1430 0.7
1431 0.71
1432 0.7
1433 0.7
1434 0.69
1435 0.68
1436 0.68
1437 0.68
1438 0.68
1439 0.67
1440 0.68
1441 0.68
1442 0.67
1443 0.67
1444 0.67
1445 0.67
1446 0.67
1447 0.68
1448 0.68
1449 0.68
1450 0.68
1451 0.69
1452 0.69
1453 0.69
1454 0.68
1455 0.68
1456 0.68
1457 0.68
1458 0.67
1459 0.67
1460 0.67
1461 0.67
1462 0.67
1463 0.67
1464 0.66
1465 0.67
1466 0.67
1467 0.66
1468 0.66
1469 0.66
1470 0.65
1471 0.65
1472 0.66
1473 0.65
1474 0.66
1475 0.66
1476 0.65
1477 0.65
1478 0.66
1479 0.67
1480 0.66
1481 0.65
1482 0.65
1483 0.65
1484 0.65
1485 0.64
1486 0.64
1487 0.63
1488 0.63
1489 0.64
1490 0.64
1491 0.64
1492 0.64
1493 0.65
1494 0.64
1495 0.64
1496 0.64
1497 0.64
1498 0.64
1499 0.63
1500 0.62
1501 0.62
1502 0.62
1503 0.62
1504 0.62
1505 0.63
1506 0.63
1507 0.62
1508 0.62
1509 0.62
1510 0.62
1511 0.63
1512 0.63
1513 0.63
1514 0.63
1515 0.63
1516 0.63
1517 0.63
1518 0.64
1519 0.64
1520 0.65
1521 0.65
1522 0.65
1523 0.65
1524 0.65
1525 0.64
1526 0.65
1527 0.64
1528 0.65
1529 0.66
1530 0.66
1531 0.65
1532 0.66
1533 0.67
1534 0.68
1535 0.68
1536 0.68
1537 0.67
1538 0.67
1539 0.68
1540 0.68
1541 0.68
1542 0.69
1543 0.68
1544 0.68
1545 0.68
1546 0.69
1547 0.68
1548 0.68
1549 0.68
1550 0.67
1551 0.66
1552 0.65
1553 0.65
1554 0.66
1555 0.65
1556 0.64
1557 0.64
1558 0.65
1559 0.66
1560 0.66
1561 0.65
1562 0.65
1563 0.64
1564 0.65
1565 0.64
1566 0.64
1567 0.65
1568 0.65
1569 0.65
1570 0.66
1571 0.66
1572 0.66
1573 0.67
1574 0.66
1575 0.66
1576 0.67
1577 0.67
1578 0.66
1579 0.66
1580 0.67
1581 0.67
1582 0.66
1583 0.66
1584 0.65
1585 0.66
1586 0.66
1587 0.66
1588 0.65
1589 0.64
1590 0.63
1591 0.62
1592 0.62
1593 0.62
1594 0.62
1595 0.61
1596 0.61
1597 0.61
1598 0.6
1599 0.61
1600 0.62
1601 0.62
1602 0.62
1603 0.61
1604 0.62
1605 0.61
1606 0.61
1607 0.62
1608 0.62
1609 0.62
1610 0.62
1611 0.61
1612 0.61
1613 0.61
1614 0.61
1615 0.61
1616 0.61
1617 0.62
1618 0.61
1619 0.61
1620 0.61
1621 0.61
1622 0.62
1623 0.61
1624 0.61
1625 0.61
1626 0.61
1627 0.62
1628 0.62
1629 0.62
1630 0.62
1631 0.63
1632 0.63
1633 0.63
1634 0.63
1635 0.64
1636 0.64
1637 0.64
1638 0.63
1639 0.63
1640 0.63
1641 0.62
1642 0.61
1643 0.62
1644 0.62
1645 0.62
1646 0.62
1647 0.63
1648 0.62
1649 0.61
1650 0.62
1651 0.63
1652 0.64
1653 0.64
1654 0.64
1655 0.64
1656 0.65
1657 0.64
1658 0.64
1659 0.64
1660 0.64
1661 0.64
1662 0.63
1663 0.63
1664 0.62
1665 0.62
1666 0.62
1667 0.62
1668 0.63
1669 0.63
1670 0.62
1671 0.61
1672 0.6
1673 0.59
1674 0.6
1675 0.6
1676 0.6
1677 0.6
1678 0.61
1679 0.61
1680 0.61
1681 0.62
1682 0.62
1683 0.62
1684 0.63
1685 0.62
1686 0.62
1687 0.63
1688 0.63
1689 0.63
1690 0.63
1691 0.64
1692 0.65
1693 0.64
1694 0.65
1695 0.65
1696 0.65
1697 0.65
1698 0.66
1699 0.65
1700 0.65
1701 0.65
1702 0.65
1703 0.65
1704 0.64
1705 0.65
1706 0.65
1707 0.65
1708 0.66
1709 0.66
1710 0.66
1711 0.67
1712 0.66
1713 0.66
1714 0.65
1715 0.65
1716 0.65
1717 0.65
1718 0.66
1719 0.65
1720 0.65
1721 0.64
1722 0.64
1723 0.65
1724 0.65
1725 0.66
1726 0.66
1727 0.66
1728 0.66
1729 0.66
1730 0.66
1731 0.65
1732 0.65
1733 0.65
1734 0.65
1735 0.65
1736 0.65
1737 0.66
1738 0.67
1739 0.66
1740 0.66
1741 0.67
1742 0.67
1743 0.67
1744 0.67
1745 0.67
1746 0.67
1747 0.66
1748 0.66
1749 0.67
1750 0.66
1751 0.65
1752 0.64
1753 0.63
1754 0.62
1755 0.62
1756 0.61
1757 0.61
1758 0.61
1759 0.6
1760 0.59
1761 0.59
1762 0.59
1763 0.59
1764 0.59
1765 0.59
1766 0.58
1767 0.57
1768 0.56
1769 0.56
1770 0.56
1771 0.56
1772 0.56
1773 0.56
1774 0.55
1775 0.54
1776 0.53
1777 0.52
1778 0.51
1779 0.5
1780 0.49
1781 0.48
1782 0.48
1783 0.47
1784 0.46
1785 0.46
1786 0.45
1787 0.44
1788 0.44
1789 0.44
1790 0.44
1791 0.43
1792 0.42
1793 0.43
1794 0.43
1795 0.44
1796 0.45
1797 0.46
1798 0.46
1799 0.47
1800 0.46
1801 0.45
1802 0.45
1803 0.46
1804 0.47
1805 0.46
1806 0.45
1807 0.44
1808 0.44
1809 0.44
1810 0.44
1811 0.44
1812 0.45
1813 0.45
1814 0.46
1815 0.46
1816 0.45
1817 0.44
1818 0.44
1819 0.45
1820 0.45
1821 0.46
1822 0.45
1823 0.44
1824 0.44
1825 0.44
1826 0.44
1827 0.44
1828 0.43
1829 0.42
1830 0.41
1831 0.41
1832 0.4
1833 0.4
1834 0.39
1835 0.38
1836 0.38
1837 0.38
1838 0.38
1839 0.39
1840 0.39
1841 0.39
1842 0.39
1843 0.38
1844 0.38
1845 0.37
1846 0.37
1847 0.38
1848 0.38
1849 0.38
1850 0.38
1851 0.39
1852 0.39
1853 0.4
1854 0.41
1855 0.42
1856 0.42
1857 0.42
1858 0.42
1859 0.43
1860 0.44
1861 0.44
1862 0.45
1863 0.46
1864 0.46
1865 0.47
1866 0.48
1867 0.48
1868 0.49
1869 0.5
1870 0.51
1871 0.52
1872 0.52
1873 0.52
1874 0.52
1875 0.53
1876 0.54
1877 0.55
1878 0.56
1879 0.56
1880 0.56
1881 0.56
1882 0.56
1883 0.56
1884 0.57
1885 0.58
1886 0.58
1887 0.58
1888 0.59
1889 0.6
1890 0.6
1891 0.61
1892 0.61
1893 0.61
1894 0.61
1895 0.61
1896 0.6
1897 0.59
1898 0.58
1899 0.57
1900 0.57
1901 0.58
1902 0.57
1903 0.57
1904 0.57
1905 0.58
1906 0.59
1907 0.6
1908 0.59
1909 0.59
1910 0.59
1911 0.59
1912 0.58
1913 0.58
1914 0.58
1915 0.58
1916 0.59
1917 0.6
1918 0.59
1919 0.59
1920 0.59
1921 0.59
1922 0.6
1923 0.6
1924 0.6
1925 0.59
1926 0.59
1927 0.59
1928 0.6
1929 0.6
1930 0.6
1931 0.61
1932 0.62
1933 0.62
1934 0.63
1935 0.64
1936 0.63
1937 0.62
1938 0.61
1939 0.6
1940 0.59
1941 0.59
1942 0.6
1943 0.6
1944 0.6
1945 0.61
1946 0.61
1947 0.61
1948 0.62
1949 0.62
1950 0.63
1951 0.63
1952 0.64
1953 0.64
1954 0.64
1955 0.64
1956 0.65
1957 0.66
1958 0.65
1959 0.65
1960 0.65
1961 0.65
1962 0.64
1963 0.64
1964 0.65
1965 0.65
1966 0.65
1967 0.65
1968 0.65
1969 0.65
1970 0.65
1971 0.64
1972 0.64
1973 0.65
1974 0.65
1975 0.65
1976 0.65
1977 0.65
1978 0.65
1979 0.66
1980 0.67
1981 0.68
1982 0.69
1983 0.7
1984 0.7
1985 0.7
1986 0.7
1987 0.71
1988 0.7
1989 0.7
1990 0.71
1991 0.71
1992 0.71
1993 0.7
1994 0.7
1995 0.7
1996 0.71
1997 0.72
1998 0.73
1999 0.73
2000 0.74
2001 0.73
