1 0
2 0
3 0
4 0
5 0
6 0
7 0
8 0
9 0
10 0
11 0
12 0
13 0
14 0
15 0
16 0
17 0
18 0
19 0
20 0
21 0
22 0
23 0
24 0
25 0
26 0
27 0
28 0
29 0
30 0
31 0
32 0
33 0
34 0
35 0
36 0
37 0
38 0
39 0
40 0
41 0
42 0
43 0
44 0
45 0
46 0
47 0
48 0
49 0
50 0
51 0
52 0
53 0
54 0
55 0
56 0
57 0
58 0
59 0
60 0
61 0
62 0
63 0
64 0
65 0
66 0
67 0
68 0
69 0
70 0
71 0
72 0
73 0
74 0
75 0
76 0
77 0
78 0
79 0
80 0
81 0
82 0
83 0
84 0
85 0
86 0
87 0
88 0
89 0
90 0
91 0
92 0
93 0
94 0
95 0
96 0
97 0
98 0
99 0
100 0
101 0.0
102 0.0
103 0.0
104 0.0
105 0.0
106 0.0
107 0.0
108 0.0
109 0.0
110 0.0
111 0.0
112 0.0
113 0.0
114 0.0
115 0.0
116 0.0
117 0.0
118 0.0
119 0.0
120 0.0
121 0.0
122 0.0
123 0.0
124 0.0
125 0.0
126 0.0
127 0.0
128 0.0
129 0.0
130 0.0
131 0.0
132 0.0
133 0.0
134 0.0
135 0.0
136 0.0
137 0.0
138 0.0
139 0.0
140 0.0
141 0.0
142 0.0
143 0.0
144 0.0
145 0.0
146 0.0
147 0.0
148 0.0
149 0.0
150 0.0
151 0.0
152 0.0
153 0.0
154 0.0
155 0.0
156 0.0
157 0.0
158 0.0
159 0.0
160 0.0
161 0.0
162 0.0
163 0.0
164 0.0
165 0.0
166 0.0
167 0.0
168 0.0
169 0.0
170 0.0
171 0.0
172 0.0
173 0.0
174 0.0
175 0.0
176 0.0
177 0.0
178 0.0
179 0.0
180 0.0
181 0.0
182 0.0
183 0.0
184 0.0
185 0.0
186 0.0
187 0.0
188 0.0
189 0.0
190 0.0
191 0.0
192 0.0
193 0.0
194 0.0
195 0.0
196 0.0
197 0.0
198 0.0
199 0.0
200 0.0
201 0.0
202 0.0
203 0.0
204 0.0
205 0.0
206 0.0
207 0.0
208 0.01
209 0.01
210 0.01
211 0.01
212 0.01
213 0.01
214 0.01
215 0.01
216 0.01
217 0.01
218 0.01
219 0.01
220 0.01
221 0.01
222 0.01
223 0.01
224 0.01
225 0.01
226 0.01
227 0.01
228 0.01
229 0.01
230 0.01
231 0.01
232 0.01
233 0.01
234 0.01
235 0.01
236 0.02
237 0.02
238 0.02
239 0.02
240 0.02
241 0.02
242 0.02
243 0.02
244 0.02
245 0.02
246 0.03
247 0.03
248 0.03
249 0.03
250 0.03
251 0.03
252 0.03
253 0.03
254 0.03
255 0.03
256 0.03
257 0.03
258 0.03
259 0.03
260 0.03
261 0.03
262 0.03
263 0.03
264 0.03
265 0.03
266 0.03
267 0.03
268 0.03
269 0.03
270 0.03
271 0.04
272 0.04
273 0.04
274 0.04
275 0.04
276 0.04
277 0.04
278 0.04
279 0.04
280 0.04
281 0.04
282 0.04
283 0.04
284 0.04
285 0.04
286 0.04
287 0.04
288 0.04
289 0.04
290 0.04
291 0.04
292 0.04
293 0.04
294 0.04
295 0.04
296 0.04
297 0.04
298 0.04
299 0.04
300 0.04
301 0.04
302 0.04
303 0.04
304 0.04
305 0.04
306 0.04
307 0.04
308 0.03
309 0.03
310 0.03
311 0.03
312 0.03
313 0.03
314 0.03
315 0.03
316 0.03
317 0.03
318 0.03
319 0.03
320 0.03
321 0.03
322 0.03
323 0.03
324 0.03
325 0.03
326 0.03
327 0.03
328 0.04
329 0.04
330 0.04
331 0.04
332 0.04
333 0.05
334 0.05
335 0.05
336 0.04
337 0.04
338 0.04
339 0.04
340 0.04
341 0.04
342 0.04
343 0.04
344 0.04
345 0.05
346 0.04
347 0.04
348 0.04
349 0.04
350 0.04
351 0.04
352 0.04
353 0.04
354 0.04
355 0.04
356 0.04
357 0.04
358 0.04
359 0.04
360 0.04
361 0.04
362 0.04
363 0.04
364 0.04
365 0.04
366 0.04
367 0.04
368 0.04
369 0.04
370 0.04
371 0.03
372 0.03
373 0.03
374 0.03
375 0.03
376 0.03
377 0.03
378 0.03
379 0.03
380 0.03
381 0.03
382 0.03
383 0.03
384 0.03
385 0.03
386 0.03
387 0.03
388 0.03
389 0.03
390 0.03
391 0.03
392 0.03
393 0.03
394 0.03
395 0.03
396 0.03
397 0.03
398 0.03
399 0.03
400 0.03
401 0.03
402 0.03
403 0.03
404 0.03
405 0.03
406 0.03
407 0.03
408 0.03
409 0.03
410 0.03
411 0.03
412 0.03
413 0.03
414 0.03
415 0.03
416 0.03
417 0.03
418 0.03
419 0.03
420 0.03
421 0.03
422 0.03
423 0.03
424 0.03
425 0.03
426 0.03
427 0.03
428 0.02
429 0.02
430 0.02
431 0.02
432 0.02
433 0.01
434 0.01
435 0.01
436 0.01
437 0.02
438 0.02
439 0.02
440 0.02
441 0.02
442 0.02
443 0.02
444 0.02
445 0.01
446 0.01
447 0.01
448 0.01
449 0.01
450 0.01
451 0.01
452 0.01
453 0.01
454 0.01
455 0.01
456 0.01
457 0.01
458 0.01
459 0.01
460 0.01
461 0.01
462 0.01
463 0.01
464 0.01
465 0.01
466 0.01
467 0.01
468 0.01
469 0.01
470 0.01
471 0.01
472 0.01
473 0.01
474 0.01
475 0.01
476 0.01
477 0.01
478 0.01
479 0.01
480 0.01
481 0.01
482 0.01
483 0.01
484 0.01
485 0.01
486 0.01
487 0.01
488 0.01
489 0.01
490 0.01
491 0.01
492 0.01
493 0.01
494 0.01
495 0.01
496 0.01
497 0.01
498 0.01
499 0.01
500 0.01
501 0.01
502 0.01
503 0.01
504 0.01
505 0.01
506 0.01
507 0.01
508 0.01
509 0.01
510 0.01
511 0.01
512 0.01
513 0.01
514 0.01
515 0.01
516 0.01
517 0.01
518 0.01
519 0.01
520 0.01
521 0.01
522 0.01
523 0.01
524 0.01
525 0.01
526 0.01
527 0.01
528 0.01
529 0.01
530 0.01
531 0.01
532 0.01
533 0.01
534 0.01
535 0.01
536 0.01
537 0.0
538 0.0
539 0.0
540 0.0
541 0.0
542 0.0
543 0.0
544 0.0
545 0.0
546 0.0
547 0.0
548 0.0
549 0.0
550 0.0
551 0.0
552 0.01
553 0.01
554 0.01
555 0.01
556 0.01
557 0.01
558 0.01
559 0.01
560 0.01
561 0.01
562 0.01
563 0.01
564 0.01
565 0.01
566 0.01
567 0.01
568 0.01
569 0.01
570 0.01
571 0.01
572 0.01
573 0.01
574 0.01
575 0.01
576 0.01
577 0.01
578 0.01
579 0.01
580 0.01
581 0.01
582 0.01
583 0.01
584 0.01
585 0.01
586 0.01
587 0.01
588 0.01
589 0.01
590 0.01
591 0.01
592 0.01
593 0.01
594 0.01
595 0.01
596 0.01
597 0.01
598 0.01
599 0.01
600 0.01
601 0.01
602 0.01
603 0.01
604 0.01
605 0.02
606 0.03
607 0.03
608 0.03
609 0.03
610 0.03
611 0.03
612 0.03
613 0.03
614 0.03
615 0.03
616 0.03
617 0.03
618 0.03
619 0.03
620 0.03
621 0.03
622 0.03
623 0.03
624 0.03
625 0.03
626 0.03
627 0.03
628 0.03
629 0.03
630 0.03
631 0.03
632 0.03
633 0.03
634 0.03
635 0.03
636 0.03
637 0.03
638 0.03
639 0.03
640 0.03
641 0.03
642 0.03
643 0.03
644 0.03
645 0.03
646 0.03
647 0.03
648 0.03
649 0.03
650 0.03
651 0.03
652 0.02
653 0.02
654 0.02
655 0.02
656 0.02
657 0.02
658 0.02
659 0.02
660 0.02
661 0.02
662 0.02
663 0.02
664 0.02
665 0.02
666 0.02
667 0.02
668 0.02
669 0.02
670 0.02
671 0.02
672 0.02
673 0.02
674 0.02
675 0.02
676 0.02
677 0.02
678 0.02
679 0.02
680 0.03
681 0.03
682 0.03
683 0.03
684 0.03
685 0.03
686 0.03
687 0.03
688 0.03
689 0.03
690 0.03
691 0.03
692 0.03
693 0.03
694 0.03
695 0.03
696 0.03
697 0.03
698 0.03
699 0.03
700 0.03
701 0.03
702 0.03
703 0.03
704 0.04
705 0.03
706 0.02
707 0.02
708 0.02
709 0.02
710 0.03
711 0.03
712 0.04
713 0.05
714 0.05
715 0.05
716 0.06
717 0.06
718 0.06
719 0.06
720 0.06
721 0.06
722 0.06
723 0.07
724 0.07
725 0.07
726 0.07
727 0.07
728 0.07
729 0.07
730 0.07
731 0.07
732 0.08
733 0.08
734 0.08
735 0.08
736 0.09
737 0.09
738 0.09
739 0.09
740 0.09
741 0.09
742 0.09
743 0.09
744 0.09
745 0.09
746 0.09
747 0.09
748 0.09
749 0.09
750 0.09
751 0.1
752 0.1
753 0.1
754 0.1
755 0.1
756 0.1
757 0.1
758 0.1
759 0.1
760 0.1
761 0.1
762 0.1
763 0.1
764 0.1
765 0.11
766 0.11
767 0.11
768 0.11
769 0.12
770 0.12
771 0.12
772 0.12
773 0.12
774 0.12
775 0.12
776 0.12
777 0.13
778 0.13
779 0.14
780 0.13
781 0.13
782 0.13
783 0.13
784 0.14
785 0.14
786 0.14
787 0.14
788 0.14
789 0.14
790 0.14
791 0.14
792 0.14
793 0.14
794 0.14
795 0.14
796 0.14
797 0.14
798 0.15
799 0.15
800 0.15
801 0.15
802 0.15
803 0.15
804 0.14
805 0.14
806 0.14
807 0.14
808 0.14
809 0.14
810 0.13
811 0.13
812 0.12
813 0.11
814 0.11
815 0.11
816 0.1
817 0.1
818 0.1
819 0.1
820 0.11
821 0.12
822 0.12
823 0.12
824 0.12
825 0.12
826 0.12
827 0.12
828 0.13
829 0.13
830 0.13
831 0.13
832 0.13
833 0.13
834 0.13
835 0.14
836 0.13
837 0.13
838 0.14
839 0.14
840 0.14
841 0.14
842 0.15
843 0.16
844 0.17
845 0.17
846 0.17
847 0.17
848 0.17
849 0.17
850 0.17
851 0.16
852 0.17
853 0.17
854 0.17
855 0.17
856 0.17
857 0.17
858 0.17
859 0.17
860 0.18
861 0.18
862 0.18
863 0.18
864 0.18
865 0.17
866 0.17
867 0.17
868 0.18
869 0.17
870 0.17
871 0.18
872 0.18
873 0.18
874 0.18
875 0.18
876 0.19
877 0.18
878 0.19
879 0.18
880 0.19
881 0.19
882 0.19
883 0.19
884 0.18
885 0.18
886 0.19
887 0.19
888 0.19
889 0.19
890 0.2
891 0.2
892 0.2
893 0.2
894 0.21
895 0.22
896 0.22
897 0.22
898 0.22
899 0.23
900 0.23
901 0.24
902 0.24
903 0.24
904 0.24
905 0.24
906 0.25
907 0.26
908 0.26
909 0.26
910 0.26
911 0.26
912 0.27
913 0.28
914 0.28
915 0.28
916 0.29
917 0.3
918 0.31
919 0.31
920 0.31
921 0.31
922 0.32
923 0.32
924 0.32
925 0.33
926 0.34
927 0.34
928 0.34
929 0.35
930 0.35
931 0.35
932 0.34
933 0.34
934 0.35
935 0.34
936 0.34
937 0.34
938 0.34
939 0.34
940 0.35
941 0.36
942 0.35
943 0.34
944 0.33
945 0.33
946 0.33
947 0.34
948 0.34
949 0.34
950 0.34
951 0.34
952 0.33
953 0.33
954 0.33
955 0.33
956 0.33
957 0.33
958 0.34
959 0.34
960 0.33
961 0.34
962 0.34
963 0.34
964 0.34
965 0.34
966 0.34
967 0.34
968 0.34
969 0.35
970 0.36
971 0.35
972 0.35
973 0.35
974 0.36
975 0.36
976 0.36
977 0.36
978 0.36
979 0.36
980 0.36
981 0.36
982 0.36
983 0.36
984 0.37
985 0.38
986 0.37
987 0.37
988 0.38
989 0.39
990 0.38
991 0.39
992 0.4
993 0.4
994 0.39
995 0.39
996 0.4
997 0.4
998 0.39
999 0.38
1000 0.38
1001 0.38
1002 0.38
1003 0.38
1004 0.38
1005 0.39
1006 0.39
1007 0.39
1008 0.39
1009 0.4
1010 0.4
1011 0.4
1012 0.4
1013 0.4
1014 0.41
1015 0.42
1016 0.42
1017 0.41
1018 0.41
1019 0.41
1020 0.4
1021 0.4
1022 0.4
1023 0.39
1024 0.4
1025 0.4
1026 0.39
1027 0.39
1028 0.38
1029 0.38
1030 0.39
1031 0.39
1032 0.39
1033 0.39
1034 0.38
1035 0.38
1036 0.38
1037 0.39
1038 0.38
1039 0.39
1040 0.38
1041 0.38
1042 0.38
1043 0.39
1044 0.39
1045 0.4
1046 0.4
1047 0.4
1048 0.41
1049 0.42
1050 0.43
1051 0.44
1052 0.44
1053 0.45
1054 0.45
1055 0.46
1056 0.46
1057 0.47
1058 0.46
1059 0.47
1060 0.48
1061 0.48
1062 0.49
1063 0.49
1064 0.5
1065 0.5
1066 0.51
1067 0.51
1068 0.51
1069 0.5
1070 0.49
1071 0.49
1072 0.49
1073 0.5
1074 0.49
1075 0.49
1076 0.49
1077 0.49
1078 0.49
1079 0.49
1080 0.48
1081 0.49
1082 0.5
1083 0.5
1084 0.49
1085 0.49
1086 0.5
1087 0.51
1088 0.51
1089 0.5
1090 0.5
1091 0.49
1092 0.48
1093 0.48
1094 0.49
1095 0.48
1096 0.47
1097 0.47
1098 0.48
1099 0.49
1100 0.5
1101 0.5
1102 0.5
1103 0.51
1104 0.51
1105 0.5
1106 0.5
1107 0.5
1108 0.51
1109 0.5
1110 0.5
1111 0.5
1112 0.5
1113 0.49
1114 0.48
1115 0.48
1116 0.48
1117 0.48
1118 0.47
1119 0.47
1120 0.47
1121 0.46
1122 0.45
1123 0.46
1124 0.46
1125 0.45
1126 0.45
1127 0.46
1128 0.47
1129 0.46
1130 0.45
1131 0.45
1132 0.45
1133 0.45
1134 0.45
1135 0.45
1136 0.45
1137 0.44
1138 0.44
1139 0.43
1140 0.43
1141 0.42
1142 0.42
1143 0.41
1144 0.41
1145 0.41
1146 0.42
1147 0.41
1148 0.4
1149 0.4
1150 0.4
1151 0.4
1152 0.4
1153 0.4
1154 0.41
1155 0.41
1156 0.41
1157 0.41
1158 0.41
1159 0.4
1160 0.39
1161 0.38
1162 0.37
1163 0.37
1164 0.36
1165 0.36
1166 0.35
1167 0.35
1168 0.35
1169 0.36
1170 0.36
1171 0.37
1172 0.38
1173 0.37
1174 0.37
1175 0.38
1176 0.37
1177 0.37
1178 0.37
1179 0.38
1180 0.39
1181 0.38
1182 0.38
1183 0.38
1184 0.39
1185 0.39
1186 0.39
1187 0.39
1188 0.38
1189 0.38
1190 0.38
1191 0.38
1192 0.39
1193 0.4
1194 0.39
1195 0.39
1196 0.4
1197 0.41
1198 0.41
1199 0.41
1200 0.4
1201 0.39
1202 0.4
1203 0.4
1204 0.41
1205 0.41
1206 0.4
1207 0.39
1208 0.39
1209 0.4
1210 0.41
1211 0.41
1212 0.41
1213 0.42
1214 0.43
1215 0.43
1216 0.43
1217 0.43
1218 0.43
1219 0.44
1220 0.44
1221 0.45
1222 0.45
1223 0.44
1224 0.44
1225 0.44
1226 0.45
1227 0.45
1228 0.44
1229 0.45
1230 0.45
1231 0.46
1232 0.47
1233 0.48
1234 0.49
1235 0.5
1236 0.5
1237 0.51
1238 0.52
1239 0.53
1240 0.54
1241 0.54
1242 0.55
1243 0.55
1244 0.56
1245 0.55
1246 0.54
1247 0.54
1248 0.54
1249 0.53
1250 0.53
1251 0.52
1252 0.52
1253 0.51
1254 0.51
1255 0.51
1256 0.51
1257 0.51
1258 0.51
1259 0.52
1260 0.53
1261 0.54
1262 0.55
1263 0.56
1264 0.56
1265 0.56
1266 0.57
1267 0.58
1268 0.58
1269 0.57
1270 0.57
1271 0.57
1272 0.56
1273 0.57
1274 0.58
1275 0.57
1276 0.58
1277 0.59
1278 0.59
1279 0.59
1280 0.59
1281 0.59
1282 0.58
1283 0.58
1284 0.57
1285 0.56
1286 0.55
1287 0.54
1288 0.55
1289 0.56
1290 0.57
1291 0.58
1292 0.58
1293 0.58
1294 0.58
1295 0.59
1296 0.59
1297 0.59
1298 0.59
1299 0.58
1300 0.59
1301 0.6
1302 0.59
1303 0.59
1304 0.58
1305 0.58
1306 0.59
1307 0.59
1308 0.59
1309 0.58
1310 0.57
1311 0.57
1312 0.56
1313 0.55
1314 0.55
1315 0.54
1316 0.53
1317 0.54
1318 0.54
1319 0.53
1320 0.53
1321 0.53
1322 0.54
1323 0.55
1324 0.54
1325 0.54
1326 0.54
1327 0.54
1328 0.55
1329 0.54
1330 0.55
1331 0.54
1332 0.53
1333 0.52
1334 0.52
1335 0.51
1336 0.52
1337 0.52
1338 0.51
1339 0.51
1340 0.5
1341 0.51
1342 0.51
1343 0.52
1344 0.51
1345 0.52
1346 0.53
1347 0.54
1348 0.55
1349 0.56
1350 0.56
1351 0.57
1352 0.58
1353 0.59
1354 0.59
1355 0.59
1356 0.59
1357 0.59
1358 0.59
1359 0.59
1360 0.59
1361 0.58
1362 0.57
1363 0.57
1364 0.57
1365 0.57
1366 0.56
1367 0.56
1368 0.56
1369 0.57
1370 0.58
1371 0.58
1372 0.58
1373 0.58
1374 0.58
1375 0.58
1376 0.57
1377 0.56
1378 0.56
1379 0.55
1380 0.55
1381 0.55
1382 0.56
1383 0.57
1384 0.58
1385 0.59
1386 0.6
1387 0.6
1388 0.6
1389 0.59
1390 0.59
1391 0.58
1392 0.58
1393 0.57
1394 0.58
1395 0.58
1396 0.58
1397 0.58
1398 0.57
1399 0.57
1400 0.57
1401 0.56
1402 0.57
1403 0.57
1404 0.58
1405 0.59
1406 0.59
1407 0.6
1408 0.6
1409 0.61
1410 0.62
1411 0.63
1412 0.64
1413 0.65
1414 0.65
1415 0.65
1416 0.65
1417 0.65
1418 0.66
1419 0.67
1420 0.68
1421 0.68
1422 0.67
1423 0.67
1424 0.68
1425 0.69
1426 0.68
1427 0.68
1428 0.67
1429 0.67
1430 0.66
1431 0.66
1432 0.67
1433 0.68
1434 0.68
1435 0.69
1436 0.68
1437 0.68
1438 0.69
1439 0.68
1440 0.69
1441 0.69
1442 0.69
1443 0.68
1444 0.69
1445 0.68
1446 0.68
1447 0.67
1448 0.67
1449 0.67
1450 0.66
1451 0.66
1452 0.66
1453 0.66
1454 0.66
1455 0.65
1456 0.66
1457 0.65
1458 0.66
1459 0.66
1460 0.66
1461 0.66
1462 0.66
1463 0.66
1464 0.67
1465 0.68
1466 0.68
1467 0.68
1468 0.68
1469 0.67
1470 0.66
1471 0.65
1472 0.66
1473 0.65
1474 0.65
1475 0.66
1476 0.67
1477 0.68
1478 0.68
1479 0.68
1480 0.67
1481 0.68
1482 0.68
1483 0.68
1484 0.68
1485 0.67
1486 0.67
1487 0.68
1488 0.67
1489 0.68
1490 0.68
1491 0.68
1492 0.67
1493 0.67
1494 0.66
1495 0.65
1496 0.65
1497 0.65
1498 0.65
1499 0.66
1500 0.66
1501 0.67
1502 0.67
1503 0.67
1504 0.66
1505 0.66
1506 0.66
1507 0.65
1508 0.65
1509 0.65
1510 0.65
1511 0.65
1512 0.65
1513 0.65
1514 0.64
1515 0.65
1516 0.66
1517 0.66
1518 0.65
1519 0.65
1520 0.65
1521 0.65
1522 0.66
1523 0.66
1524 0.65
1525 0.65
1526 0.66
1527 0.66
1528 0.67
1529 0.68
1530 0.69
1531 0.7
1532 0.7
1533 0.7
1534 0.7
1535 0.69
1536 0.7
1537 0.7
1538 0.69
1539 0.7
1540 0.7
1541 0.7
1542 0.7
1543 0.71
1544 0.71
1545 0.72
1546 0.72
1547 0.73
1548 0.73
1549 0.72
1550 0.73
1551 0.72
1552 0.72
1553 0.72
1554 0.72
1555 0.72
1556 0.71
1557 0.72
1558 0.72
1559 0.72
1560 0.72
1561 0.72
1562 0.73
1563 0.73
1564 0.73
1565 0.73
1566 0.74
1567 0.74
1568 0.74
1569 0.75
1570 0.75
1571 0.76
1572 0.76
1573 0.77
1574 0.76
1575 0.76
1576 0.75
1577 0.74
1578 0.74
1579 0.74
1580 0.74
1581 0.73
1582 0.73
1583 0.73
1584 0.72
1585 0.72
1586 0.72
1587 0.71
1588 0.72
1589 0.71
1590 0.71
1591 0.72
1592 0.73
1593 0.74
1594 0.74
1595 0.74
1596 0.74
1597 0.74
1598 0.75
1599 0.75
1600 0.74
1601 0.73
1602 0.73
1603 0.72
1604 0.73
1605 0.73
1606 0.73
1607 0.74
1608 0.73
1609 0.73
1610 0.73
1611 0.73
1612 0.72
1613 0.72
1614 0.72
1615 0.72
1616 0.72
1617 0.71
1618 0.71
1619 0.71
1620 0.71
1621 0.71
1622 0.71
1623 0.71
1624 0.72
1625 0.72
1626 0.72
1627 0.72
1628 0.72
1629 0.72
1630 0.72
1631 0.72
1632 0.72
1633 0.71
1634 0.71
1635 0.71
1636 0.71
1637 0.71
1638 0.72
1639 0.71
1640 0.71
1641 0.71
1642 0.71
1643 0.71
1644 0.7
1645 0.7
1646 0.7
1647 0.7
1648 0.7
1649 0.71
1650 0.71
1651 0.72
1652 0.72
1653 0.72
1654 0.71
1655 0.72
1656 0.72
1657 0.72
1658 0.71
1659 0.7
1660 0.7
1661 0.71
1662 0.71
1663 0.71
1664 0.7
1665 0.7
1666 0.7
1667 0.69
1668 0.68
1669 0.68
1670 0.69
1671 0.69
1672 0.68
1673 0.68
1674 0.69
1675 0.69
1676 0.69
1677 0.69
1678 0.69
1679 0.7
1680 0.71
1681 0.72
1682 0.72
1683 0.71
1684 0.71
1685 0.72
1686 0.71
1687 0.72
1688 0.72
1689 0.73
1690 0.73
1691 0.73
1692 0.73
1693 0.73
1694 0.73
1695 0.74
1696 0.74
1697 0.74
1698 0.74
1699 0.73
1700 0.74
1701 0.75
1702 0.75
1703 0.76
1704 0.76
1705 0.76
1706 0.76
1707 0.76
1708 0.77
1709 0.77
1710 0.77
1711 0.77
1712 0.78
1713 0.77
1714 0.77
1715 0.77
1716 0.77
1717 0.77
1718 0.78
1719 0.78
1720 0.77
1721 0.77
1722 0.76
1723 0.75
1724 0.75
1725 0.74
1726 0.74
1727 0.73
1728 0.72
1729 0.71
1730 0.71
1731 0.71
1732 0.71
1733 0.71
1734 0.71
1735 0.71
1736 0.7
1737 0.7
1738 0.7
1739 0.71
1740 0.71
1741 0.7
1742 0.7
1743 0.7
1744 0.7
1745 0.69
1746 0.69
1747 0.69
1748 0.69
1749 0.69
1750 0.69
1751 0.69
1752 0.69
1753 0.69
1754 0.7
1755 0.7
1756 0.7
1757 0.7
1758 0.71
1759 0.72
1760 0.72
1761 0.72
1762 0.72
1763 0.72
1764 0.72
1765 0.72
1766 0.72
1767 0.72
1768 0.73
1769 0.73
1770 0.72
1771 0.72
1772 0.73
1773 0.73
1774 0.73
1775 0.73
1776 0.74
1777 0.74
1778 0.73
1779 0.73
1780 0.72
1781 0.72
1782 0.71
1783 0.71
1784 0.72
1785 0.72
1786 0.73
1787 0.72
1788 0.72
1789 0.71
1790 0.71
1791 0.71
1792 0.71
1793 0.7
1794 0.71
1795 0.71
1796 0.71
1797 0.71
1798 0.71
1799 0.72
1800 0.71
1801 0.71
1802 0.71
1803 0.71
1804 0.71
1805 0.71
1806 0.7
1807 0.69
1808 0.68
1809 0.67
1810 0.66
1811 0.66
1812 0.66
1813 0.67
1814 0.67
1815 0.67
1816 0.67
1817 0.68
1818 0.68
1819 0.68
1820 0.68
1821 0.68
1822 0.69
1823 0.7
1824 0.69
1825 0.69
1826 0.68
1827 0.69
1828 0.69
1829 0.69
1830 0.68
1831 0.68
1832 0.68
1833 0.68
1834 0.68
1835 0.68
1836 0.69
1837 0.68
1838 0.68
1839 0.68
1840 0.68
1841 0.69
1842 0.68
1843 0.68
1844 0.69
1845 0.69
1846 0.69
1847 0.69
1848 0.69
1849 0.68
1850 0.68
1851 0.68
1852 0.68
1853 0.67
1854 0.66
1855 0.66
1856 0.67
1857 0.67
1858 0.67
1859 0.67
1860 0.67
1861 0.67
1862 0.67
1863 0.66
1864 0.67
1865 0.67
1866 0.67
1867 0.68
1868 0.67
1869 0.67
1870 0.67
1871 0.66
1872 0.65
1873 0.65
1874 0.65
1875 0.65
1876 0.65
1877 0.65
1878 0.66
1879 0.66
1880 0.66
1881 0.66
1882 0.67
1883 0.68
1884 0.68
1885 0.68
1886 0.68
1887 0.69
1888 0.68
1889 0.68
1890 0.68
1891 0.68
1892 0.67
1893 0.67
1894 0.66
1895 0.66
1896 0.66
1897 0.66
1898 0.66
1899 0.66
1900 0.67
1901 0.67
1902 0.67
1903 0.67
1904 0.67
1905 0.66
1906 0.67
1907 0.68
1908 0.68
1909 0.68
1910 0.68
1911 0.67
1912 0.67
1913 0.66
1914 0.67
1915 0.67
1916 0.67
1917 0.67
1918 0.67
1919 0.67
1920 0.68
1921 0.67
1922 0.67
1923 0.67
1924 0.68
1925 0.69
1926 0.7
1927 0.7
1928 0.71
1929 0.72
1930 0.73
1931 0.73
1932 0.72
1933 0.73
1934 0.73
1935 0.74
1936 0.74
1937 0.74
1938 0.74
1939 0.74
1940 0.73
1941 0.72
1942 0.73
1943 0.73
1944 0.73
1945 0.73
1946 0.72
1947 0.71
1948 0.7
1949 0.7
1950 0.69
1951 0.69
1952 0.69
1953 0.69
1954 0.69
1955 0.68
1956 0.67
1957 0.66
1958 0.65
1959 0.64
1960 0.63
1961 0.62
1962 0.62
1963 0.62
1964 0.61
1965 0.6
1966 0.6
1967 0.6
1968 0.6
1969 0.6
1970 0.61
1971 0.62
1972 0.63
1973 0.63
1974 0.63
1975 0.63
1976 0.63
1977 0.64
1978 0.64
1979 0.63
1980 0.63
1981 0.62
1982 0.61
1983 0.6
1984 0.6
1985 0.6
1986 0.6
1987 0.59
1988 0.6
1989 0.6
1990 0.6
1991 0.6
1992 0.61
1993 0.62
1994 0.62
1995 0.61
1996 0.6
1997 0.59
1998 0.58
1999 0.57
2000 0.56
2001 0.56
