1 0
2 0
3 0
4 0
5 0
6 0
7 0
8 0
9 0
10 0
11 0
12 0
13 0
14 0
15 0
16 0
17 0
18 0
19 0
20 0
21 0
22 0
23 0
24 0
25 0
26 0
27 0
28 0
29 0
30 0
31 0
32 0
33 0
34 0
35 0
36 0
37 0
38 0
39 0
40 0
41 0
42 0
43 0
44 0
45 0
46 0
47 0
48 0
49 0
50 0
51 0
52 0
53 0
54 0
55 0
56 0
57 0
58 0
59 0
60 0
61 0
62 0
63 0
64 0
65 0
66 0
67 0
68 0
69 0
70 0
71 0
72 0
73 0
74 0
75 0
76 0
77 0
78 0
79 0
80 0
81 0
82 0
83 0
84 0
85 0
86 0
87 0
88 0
89 0
90 0
91 0
92 0
93 0
94 0
95 0
96 0
97 0
98 0
99 0
100 0
101 0.0
102 0.0
103 0.0
104 0.0
105 0.0
106 0.0
107 0.0
108 0.0
109 0.0
110 0.0
111 0.0
112 0.0
113 0.0
114 0.01
115 0.01
116 0.01
117 0.02
118 0.02
119 0.02
120 0.02
121 0.02
122 0.02
123 0.02
124 0.02
125 0.03
126 0.03
127 0.03
128 0.03
129 0.03
130 0.03
131 0.04
132 0.04
133 0.04
134 0.04
135 0.04
136 0.04
137 0.04
138 0.04
139 0.04
140 0.04
141 0.04
142 0.04
143 0.04
144 0.04
145 0.05
146 0.05
147 0.05
148 0.05
149 0.05
150 0.05
151 0.05
152 0.06
153 0.06
154 0.06
155 0.06
156 0.06
157 0.06
158 0.06
159 0.06
160 0.06
161 0.06
162 0.06
163 0.06
164 0.06
165 0.06
166 0.06
167 0.06
168 0.06
169 0.06
170 0.06
171 0.06
172 0.06
173 0.06
174 0.06
175 0.06
176 0.06
177 0.06
178 0.06
179 0.06
180 0.06
181 0.06
182 0.06
183 0.06
184 0.06
185 0.06
186 0.06
187 0.06
188 0.06
189 0.06
190 0.06
191 0.06
192 0.06
193 0.06
194 0.06
195 0.06
196 0.06
197 0.06
198 0.06
199 0.06
200 0.06
201 0.06
202 0.06
203 0.07
204 0.07
205 0.07
206 0.07
207 0.07
208 0.07
209 0.07
210 0.07
211 0.07
212 0.07
213 0.07
214 0.06
215 0.06
216 0.06
217 0.05
218 0.05
219 0.06
220 0.06
221 0.06
222 0.06
223 0.06
224 0.06
225 0.05
226 0.05
227 0.05
228 0.05
229 0.05
230 0.05
231 0.04
232 0.04
233 0.04
234 0.04
235 0.04
236 0.04
237 0.04
238 0.04
239 0.04
240 0.04
241 0.04
242 0.04
243 0.04
244 0.04
245 0.03
246 0.03
247 0.03
248 0.03
249 0.03
250 0.04
251 0.04
252 0.03
253 0.03
254 0.03
255 0.03
256 0.03
257 0.04
258 0.04
259 0.04
260 0.05
261 0.05
262 0.05
263 0.05
264 0.05
265 0.05
266 0.05
267 0.06
268 0.06
269 0.06
270 0.06
271 0.06
272 0.06
273 0.07
274 0.07
275 0.07
276 0.07
277 0.07
278 0.07
279 0.07
280 0.07
281 0.07
282 0.07
283 0.07
284 0.07
285 0.07
286 0.07
287 0.07
288 0.07
289 0.08
290 0.08
291 0.08
292 0.08
293 0.08
294 0.08
295 0.08
296 0.08
297 0.09
298 0.1
299 0.1
300 0.1
301 0.1
302 0.1
303 0.09
304 0.09
305 0.09
306 0.09
307 0.09
308 0.09
309 0.09
310 0.09
311 0.09
312 0.09
313 0.09
314 0.09
315 0.09
316 0.09
317 0.09
318 0.09
319 0.08
320 0.08
321 0.09
322 0.09
323 0.09
324 0.09
325 0.09
326 0.09
327 0.09
328 0.09
329 0.09
330 0.09
331 0.1
332 0.1
333 0.1
334 0.1
335 0.1
336 0.1
337 0.1
338 0.1
339 0.1
340 0.1
341 0.1
342 0.1
343 0.1
344 0.1
345 0.1
346 0.1
347 0.1
348 0.1
349 0.1
350 0.09
351 0.09
352 0.09
353 0.09
354 0.09
355 0.09
356 0.1
357 0.09
358 0.09
359 0.1
360 0.09
361 0.09
362 0.09
363 0.09
364 0.09
365 0.09
366 0.09
367 0.08
368 0.09
369 0.09
370 0.09
371 0.09
372 0.09
373 0.08
374 0.08
375 0.09
376 0.09
377 0.09
378 0.09
379 0.09
380 0.09
381 0.09
382 0.09
383 0.09
384 0.09
385 0.09
386 0.09
387 0.09
388 0.09
389 0.08
390 0.08
391 0.08
392 0.08
393 0.08
394 0.08
395 0.08
396 0.09
397 0.08
398 0.07
399 0.07
400 0.07
401 0.07
402 0.07
403 0.07
404 0.07
405 0.07
406 0.07
407 0.07
408 0.07
409 0.07
410 0.07
411 0.07
412 0.07
413 0.07
414 0.07
415 0.07
416 0.07
417 0.07
418 0.07
419 0.07
420 0.07
421 0.06
422 0.06
423 0.06
424 0.06
425 0.06
426 0.07
427 0.07
428 0.07
429 0.08
430 0.08
431 0.07
432 0.07
433 0.07
434 0.07
435 0.07
436 0.07
437 0.07
438 0.08
439 0.08
440 0.08
441 0.08
442 0.08
443 0.08
444 0.08
445 0.08
446 0.08
447 0.08
448 0.08
449 0.08
450 0.08
451 0.09
452 0.09
453 0.09
454 0.1
455 0.1
456 0.09
457 0.09
458 0.1
459 0.09
460 0.09
461 0.09
462 0.09
463 0.09
464 0.1
465 0.1
466 0.1
467 0.1
468 0.09
469 0.09
470 0.09
471 0.09
472 0.09
473 0.1
474 0.11
475 0.1
476 0.1
477 0.11
478 0.12
479 0.13
480 0.13
481 0.13
482 0.14
483 0.15
484 0.15
485 0.15
486 0.15
487 0.15
488 0.15
489 0.15
490 0.15
491 0.15
492 0.16
493 0.16
494 0.16
495 0.17
496 0.16
497 0.16
498 0.16
499 0.17
500 0.17
501 0.18
502 0.18
503 0.18
504 0.19
505 0.19
506 0.19
507 0.19
508 0.2
509 0.2
510 0.2
511 0.21
512 0.22
513 0.22
514 0.22
515 0.22
516 0.22
517 0.22
518 0.22
519 0.22
520 0.22
521 0.22
522 0.23
523 0.23
524 0.24
525 0.24
526 0.23
527 0.23
528 0.24
529 0.23
530 0.23
531 0.24
532 0.24
533 0.25
534 0.26
535 0.27
536 0.27
537 0.27
538 0.26
539 0.26
540 0.26
541 0.26
542 0.26
543 0.26
544 0.26
545 0.26
546 0.26
547 0.26
548 0.26
549 0.26
550 0.26
551 0.25
552 0.25
553 0.26
554 0.25
555 0.26
556 0.26
557 0.27
558 0.26
559 0.26
560 0.26
561 0.26
562 0.27
563 0.27
564 0.26
565 0.26
566 0.26
567 0.26
568 0.26
569 0.26
570 0.27
571 0.27
572 0.28
573 0.27
574 0.27
575 0.27
576 0.27
577 0.26
578 0.25
579 0.25
580 0.25
581 0.25
582 0.25
583 0.25
584 0.25
585 0.25
586 0.26
587 0.26
588 0.27
589 0.28
590 0.28
591 0.28
592 0.28
593 0.28
594 0.28
595 0.27
596 0.27
597 0.27
598 0.27
599 0.26
600 0.27
601 0.26
602 0.26
603 0.26
604 0.25
605 0.25
606 0.25
607 0.26
608 0.26
609 0.26
610 0.26
611 0.25
612 0.24
613 0.24
614 0.24
615 0.24
616 0.25
617 0.25
618 0.25
619 0.26
620 0.26
621 0.27
622 0.27
623 0.27
624 0.27
625 0.27
626 0.27
627 0.27
628 0.26
629 0.27
630 0.28
631 0.28
632 0.28
633 0.27
634 0.26
635 0.25
636 0.26
637 0.26
638 0.26
639 0.27
640 0.27
641 0.28
642 0.28
643 0.28
644 0.28
645 0.29
646 0.29
647 0.3
648 0.31
649 0.31
650 0.31
651 0.31
652 0.31
653 0.3
654 0.31
655 0.31
656 0.31
657 0.3
658 0.31
659 0.31
660 0.31
661 0.31
662 0.3
663 0.31
664 0.31
665 0.31
666 0.31
667 0.31
668 0.31
669 0.32
670 0.31
671 0.31
672 0.3
673 0.31
674 0.3
675 0.3
676 0.3
677 0.3
678 0.3
679 0.29
680 0.29
681 0.3
682 0.29
683 0.28
684 0.29
685 0.29
686 0.28
687 0.28
688 0.27
689 0.27
690 0.27
691 0.27
692 0.26
693 0.26
694 0.26
695 0.26
696 0.26
697 0.26
698 0.27
699 0.27
700 0.26
701 0.26
702 0.26
703 0.26
704 0.26
705 0.26
706 0.27
707 0.26
708 0.25
709 0.25
710 0.25
711 0.26
712 0.26
713 0.27
714 0.28
715 0.28
716 0.27
717 0.27
718 0.27
719 0.26
720 0.26
721 0.26
722 0.26
723 0.27
724 0.27
725 0.28
726 0.28
727 0.29
728 0.29
729 0.28
730 0.28
731 0.27
732 0.28
733 0.29
734 0.3
735 0.3
736 0.29
737 0.3
738 0.3
739 0.29
740 0.3
741 0.29
742 0.3
743 0.3
744 0.31
745 0.3
746 0.3
747 0.29
748 0.28
749 0.28
750 0.28
751 0.29
752 0.29
753 0.29
754 0.28
755 0.28
756 0.28
757 0.28
758 0.27
759 0.27
760 0.28
761 0.28
762 0.28
763 0.27
764 0.27
765 0.28
766 0.28
767 0.28
768 0.28
769 0.28
770 0.28
771 0.29
772 0.29
773 0.28
774 0.28
775 0.28
776 0.28
777 0.28
778 0.28
779 0.28
780 0.29
781 0.29
782 0.29
783 0.29
784 0.28
785 0.28
786 0.28
787 0.28
788 0.28
789 0.27
790 0.27
791 0.28
792 0.28
793 0.28
794 0.28
795 0.28
796 0.28
797 0.29
798 0.28
799 0.28
800 0.28
801 0.28
802 0.29
803 0.29
804 0.29
805 0.29
806 0.29
807 0.3
808 0.3
809 0.3
810 0.3
811 0.3
812 0.31
813 0.3
814 0.3
815 0.3
816 0.3
817 0.3
818 0.31
819 0.31
820 0.31
821 0.3
822 0.3
823 0.3
824 0.29
825 0.28
826 0.28
827 0.27
828 0.27
829 0.28
830 0.27
831 0.27
832 0.26
833 0.25
834 0.24
835 0.24
836 0.24
837 0.24
838 0.24
839 0.24
840 0.23
841 0.24
842 0.24
843 0.25
844 0.25
845 0.26
846 0.26
847 0.26
848 0.26
849 0.27
850 0.27
851 0.26
852 0.27
853 0.27
854 0.27
855 0.27
856 0.28
857 0.28
858 0.29
859 0.29
860 0.29
861 0.29
862 0.3
863 0.3
864 0.3
865 0.29
866 0.3
867 0.3
868 0.3
869 0.29
870 0.3
871 0.3
872 0.3
873 0.31
874 0.31
875 0.31
876 0.31
877 0.31
878 0.31
879 0.31
880 0.3
881 0.29
882 0.29
883 0.3
884 0.31
885 0.32
886 0.32
887 0.33
888 0.33
889 0.33
890 0.33
891 0.32
892 0.33
893 0.33
894 0.34
895 0.34
896 0.35
897 0.35
898 0.36
899 0.37
900 0.37
901 0.37
902 0.36
903 0.36
904 0.36
905 0.37
906 0.36
907 0.35
908 0.36
909 0.36
910 0.37
911 0.37
912 0.36
913 0.37
914 0.36
915 0.36
916 0.36
917 0.37
918 0.37
919 0.37
920 0.38
921 0.38
922 0.37
923 0.36
924 0.36
925 0.36
926 0.37
927 0.37
928 0.37
929 0.37
930 0.37
931 0.38
932 0.39
933 0.39
934 0.4
935 0.4
936 0.4
937 0.4
938 0.4
939 0.4
940 0.41
941 0.4
942 0.4
943 0.39
944 0.38
945 0.37
946 0.37
947 0.38
948 0.39
949 0.38
950 0.38
951 0.39
952 0.39
953 0.4
954 0.41
955 0.41
956 0.4
957 0.4
958 0.39
959 0.39
960 0.38
961 0.38
962 0.37
963 0.37
964 0.37
965 0.38
966 0.38
967 0.38
968 0.38
969 0.39
970 0.39
971 0.38
972 0.39
973 0.38
974 0.38
975 0.38
976 0.39
977 0.39
978 0.4
979 0.41
980 0.41
981 0.42
982 0.42
983 0.42
984 0.41
985 0.41
986 0.42
987 0.42
988 0.42
989 0.42
990 0.42
991 0.42
992 0.42
993 0.42
994 0.41
995 0.41
996 0.41
997 0.4
998 0.39
999 0.38
1000 0.38
1001 0.38
1002 0.38
1003 0.38
1004 0.38
1005 0.38
1006 0.39
1007 0.4
1008 0.39
1009 0.4
1010 0.39
1011 0.39
1012 0.4
1013 0.4
1014 0.4
1015 0.41
1016 0.41
1017 0.4
1018 0.39
1019 0.39
1020 0.38
1021 0.39
1022 0.39
1023 0.39
1024 0.4
1025 0.41
1026 0.4
1027 0.4
1028 0.4
1029 0.39
1030 0.39
1031 0.39
1032 0.38
1033 0.38
1034 0.37
1035 0.37
1036 0.37
1037 0.37
1038 0.38
1039 0.39
1040 0.39
1041 0.39
1042 0.39
1043 0.39
1044 0.39
1045 0.39
1046 0.39
1047 0.39
1048 0.38
1049 0.39
1050 0.4
1051 0.4
1052 0.39
1053 0.39
1054 0.38
1055 0.37
1056 0.37
1057 0.37
1058 0.37
1059 0.37
1060 0.38
1061 0.38
1062 0.38
1063 0.38
1064 0.38
1065 0.37
1066 0.36
1067 0.37
1068 0.38
1069 0.38
1070 0.37
1071 0.37
1072 0.36
1073 0.36
1074 0.36
1075 0.37
1076 0.37
1077 0.38
1078 0.38
1079 0.38
1080 0.38
1081 0.37
1082 0.37
1083 0.36
1084 0.36
1085 0.35
1086 0.35
1087 0.35
1088 0.35
1089 0.36
1090 0.36
1091 0.36
1092 0.35
1093 0.36
1094 0.36
1095 0.37
1096 0.37
1097 0.37
1098 0.38
1099 0.38
1100 0.39
1101 0.39
1102 0.39
1103 0.4
1104 0.4
1105 0.39
1106 0.39
1107 0.38
1108 0.39
1109 0.38
1110 0.38
1111 0.37
1112 0.37
1113 0.36
1114 0.37
1115 0.36
1116 0.36
1117 0.36
1118 0.36
1119 0.37
1120 0.37
1121 0.36
1122 0.36
1123 0.37
1124 0.36
1125 0.36
1126 0.37
1127 0.38
1128 0.38
1129 0.39
1130 0.4
1131 0.39
1132 0.39
1133 0.39
1134 0.39
1135 0.39
1136 0.39
1137 0.38
1138 0.38
1139 0.37
1140 0.37
1141 0.37
1142 0.36
1143 0.37
1144 0.37
1145 0.37
1146 0.38
1147 0.37
1148 0.37
1149 0.36
1150 0.35
1151 0.35
1152 0.35
1153 0.34
1154 0.34
1155 0.35
1156 0.36
1157 0.36
1158 0.37
1159 0.38
1160 0.37
1161 0.37
1162 0.37
1163 0.37
1164 0.37
1165 0.37
1166 0.38
1167 0.37
1168 0.36
1169 0.36
1170 0.36
1171 0.36
1172 0.37
1173 0.37
1174 0.38
1175 0.37
1176 0.36
1177 0.36
1178 0.35
1179 0.34
1180 0.35
1181 0.35
1182 0.36
1183 0.36
1184 0.36
1185 0.37
1186 0.36
1187 0.36
1188 0.36
1189 0.36
1190 0.36
1191 0.36
1192 0.36
1193 0.36
1194 0.36
1195 0.36
1196 0.35
1197 0.35
1198 0.34
1199 0.34
1200 0.33
1201 0.34
1202 0.35
1203 0.34
1204 0.35
1205 0.35
1206 0.34
1207 0.34
1208 0.34
1209 0.34
1210 0.35
1211 0.35
1212 0.34
1213 0.35
1214 0.34
1215 0.35
1216 0.36
1217 0.36
1218 0.36
1219 0.35
1220 0.35
1221 0.36
1222 0.36
1223 0.36
1224 0.37
1225 0.37
1226 0.36
1227 0.35
1228 0.35
1229 0.35
1230 0.35
1231 0.35
1232 0.35
1233 0.35
1234 0.36
1235 0.36
1236 0.36
1237 0.36
1238 0.35
1239 0.35
1240 0.34
1241 0.34
1242 0.34
1243 0.33
1244 0.33
1245 0.34
1246 0.34
1247 0.34
1248 0.35
1249 0.35
1250 0.35
1251 0.34
1252 0.34
1253 0.34
1254 0.34
1255 0.34
1256 0.33
1257 0.33
1258 0.32
1259 0.31
1260 0.31
1261 0.31
1262 0.31
1263 0.31
1264 0.31
1265 0.31
1266 0.3
1267 0.31
1268 0.31
1269 0.3
1270 0.31
1271 0.31
1272 0.3
1273 0.3
1274 0.3
1275 0.3
1276 0.3
1277 0.29
1278 0.3
1279 0.3
1280 0.29
1281 0.29
1282 0.29
1283 0.3
1284 0.31
1285 0.3
1286 0.3
1287 0.29
1288 0.3
1289 0.29
1290 0.3
1291 0.31
1292 0.31
1293 0.31
1294 0.31
1295 0.3
1296 0.3
1297 0.3
1298 0.31
1299 0.31
1300 0.31
1301 0.3
1302 0.29
1303 0.29
1304 0.29
1305 0.29
1306 0.3
1307 0.3
1308 0.29
1309 0.29
1310 0.28
1311 0.29
1312 0.29
1313 0.28
1314 0.28
1315 0.27
1316 0.26
1317 0.26
1318 0.26
1319 0.26
1320 0.26
1321 0.25
1322 0.25
1323 0.24
1324 0.23
1325 0.23
1326 0.23
1327 0.24
1328 0.25
1329 0.24
1330 0.23
1331 0.23
1332 0.24
1333 0.24
1334 0.24
1335 0.24
1336 0.24
1337 0.25
1338 0.26
1339 0.26
1340 0.26
1341 0.27
1342 0.28
1343 0.29
1344 0.29
1345 0.28
1346 0.28
1347 0.29
1348 0.28
1349 0.29
1350 0.3
1351 0.3
1352 0.31
1353 0.31
1354 0.31
1355 0.31
1356 0.31
1357 0.32
1358 0.33
1359 0.33
1360 0.34
1361 0.35
1362 0.35
1363 0.35
1364 0.35
1365 0.36
1366 0.36
1367 0.36
1368 0.36
1369 0.37
1370 0.36
1371 0.37
1372 0.37
1373 0.37
1374 0.37
1375 0.37
1376 0.37
1377 0.37
1378 0.36
1379 0.36
1380 0.36
1381 0.36
1382 0.35
1383 0.34
1384 0.34
1385 0.34
1386 0.35
1387 0.36
1388 0.35
1389 0.35
1390 0.35
1391 0.34
1392 0.34
1393 0.34
1394 0.34
1395 0.34
1396 0.34
1397 0.35
1398 0.35
1399 0.36
1400 0.37
1401 0.37
1402 0.38
1403 0.39
1404 0.38
1405 0.38
1406 0.38
1407 0.39
1408 0.39
1409 0.4
1410 0.4
1411 0.4
1412 0.41
1413 0.41
1414 0.41
1415 0.41
1416 0.42
1417 0.42
1418 0.43
1419 0.43
1420 0.43
1421 0.44
1422 0.45
1423 0.45
1424 0.45
1425 0.45
1426 0.45
1427 0.44
1428 0.43
1429 0.44
1430 0.44
1431 0.44
1432 0.44
1433 0.45
1434 0.44
1435 0.45
1436 0.45
1437 0.44
1438 0.43
1439 0.44
1440 0.44
1441 0.43
1442 0.43
1443 0.43
1444 0.43
1445 0.43
1446 0.42
1447 0.42
1448 0.42
1449 0.41
1450 0.4
1451 0.4
1452 0.4
1453 0.4
1454 0.4
1455 0.39
1456 0.39
1457 0.38
1458 0.37
1459 0.37
1460 0.36
1461 0.35
1462 0.35
1463 0.35
1464 0.35
1465 0.35
1466 0.35
1467 0.34
1468 0.35
1469 0.35
1470 0.35
1471 0.34
1472 0.34
1473 0.34
1474 0.33
1475 0.34
1476 0.34
1477 0.35
1478 0.35
1479 0.35
1480 0.35
1481 0.36
1482 0.36
1483 0.37
1484 0.36
1485 0.36
1486 0.36
1487 0.35
1488 0.36
1489 0.36
1490 0.36
1491 0.37
1492 0.38
1493 0.37
1494 0.38
1495 0.39
1496 0.39
1497 0.38
1498 0.37
1499 0.37
1500 0.36
1501 0.36
1502 0.35
1503 0.35
1504 0.35
1505 0.35
1506 0.35
1507 0.34
1508 0.34
1509 0.33
1510 0.33
1511 0.33
1512 0.32
1513 0.32
1514 0.32
1515 0.33
1516 0.33
1517 0.34
1518 0.34
1519 0.34
1520 0.34
1521 0.34
1522 0.34
1523 0.34
1524 0.34
1525 0.33
1526 0.33
1527 0.33
1528 0.34
1529 0.33
1530 0.34
1531 0.34
1532 0.33
1533 0.32
1534 0.32
1535 0.32
1536 0.32
1537 0.33
1538 0.33
1539 0.32
1540 0.32
1541 0.32
1542 0.31
1543 0.3
1544 0.3
1545 0.3
1546 0.3
1547 0.29
1548 0.29
1549 0.29
1550 0.29
1551 0.29
1552 0.28
1553 0.28
1554 0.28
1555 0.28
1556 0.28
1557 0.28
1558 0.28
1559 0.28
1560 0.28
1561 0.28
1562 0.29
1563 0.29
1564 0.3
1565 0.29
1566 0.3
1567 0.31
1568 0.31
1569 0.31
1570 0.31
1571 0.32
1572 0.32
1573 0.33
1574 0.33
1575 0.32
1576 0.32
1577 0.31
1578 0.32
1579 0.32
1580 0.33
1581 0.33
1582 0.33
1583 0.32
1584 0.32
1585 0.33
1586 0.32
1587 0.32
1588 0.31
1589 0.32
1590 0.31
1591 0.31
1592 0.31
1593 0.32
1594 0.31
1595 0.3
1596 0.31
1597 0.31
1598 0.31
1599 0.31
1600 0.31
1601 0.31
1602 0.31
1603 0.3
1604 0.3
1605 0.3
1606 0.3
1607 0.31
1608 0.32
1609 0.33
1610 0.33
1611 0.32
1612 0.32
1613 0.33
1614 0.33
1615 0.33
1616 0.32
1617 0.31
1618 0.3
1619 0.3
1620 0.3
1621 0.29
1622 0.28
1623 0.28
1624 0.29
1625 0.29
1626 0.29
1627 0.29
1628 0.28
1629 0.28
1630 0.27
1631 0.27
1632 0.27
1633 0.28
1634 0.28
1635 0.27
1636 0.27
1637 0.26
1638 0.26
1639 0.26
1640 0.26
1641 0.26
1642 0.27
1643 0.27
1644 0.27
1645 0.27
1646 0.27
1647 0.27
1648 0.27
1649 0.27
1650 0.27
1651 0.27
1652 0.28
1653 0.29
1654 0.29
1655 0.3
1656 0.3
1657 0.31
1658 0.31
1659 0.32
1660 0.32
1661 0.33
1662 0.32
1663 0.32
1664 0.31
1665 0.31
1666 0.3
1667 0.3
1668 0.29
1669 0.28
1670 0.29
1671 0.29
1672 0.3
1673 0.29
1674 0.29
1675 0.29
1676 0.3
1677 0.31
1678 0.3
1679 0.31
1680 0.3
1681 0.29
1682 0.3
1683 0.3
1684 0.31
1685 0.31
1686 0.32
1687 0.32
1688 0.33
1689 0.32
1690 0.32
1691 0.31
1692 0.31
1693 0.3
1694 0.3
1695 0.3
1696 0.3
1697 0.3
1698 0.3
1699 0.3
1700 0.3
1701 0.31
1702 0.32
1703 0.33
1704 0.34
1705 0.34
1706 0.33
1707 0.33
1708 0.32
1709 0.32
1710 0.33
1711 0.33
1712 0.33
1713 0.32
1714 0.33
1715 0.33
1716 0.34
1717 0.34
1718 0.35
1719 0.35
1720 0.36
1721 0.37
1722 0.38
1723 0.38
1724 0.37
1725 0.37
1726 0.37
1727 0.38
1728 0.39
1729 0.39
1730 0.4
1731 0.41
1732 0.42
1733 0.41
1734 0.41
1735 0.42
1736 0.42
1737 0.42
1738 0.42
1739 0.43
1740 0.43
1741 0.43
1742 0.43
1743 0.43
1744 0.43
1745 0.43
1746 0.43
1747 0.44
1748 0.44
1749 0.44
1750 0.44
1751 0.45
1752 0.44
1753 0.44
1754 0.44
1755 0.44
1756 0.44
1757 0.43
1758 0.43
1759 0.42
1760 0.42
1761 0.41
1762 0.41
1763 0.41
1764 0.41
1765 0.41
1766 0.41
1767 0.4
1768 0.4
1769 0.4
1770 0.4
1771 0.4
1772 0.4
1773 0.4
1774 0.4
1775 0.4
1776 0.39
1777 0.39
1778 0.39
1779 0.38
1780 0.38
1781 0.38
1782 0.37
1783 0.37
1784 0.36
1785 0.35
1786 0.35
1787 0.35
1788 0.35
1789 0.35
1790 0.36
1791 0.36
1792 0.35
1793 0.35
1794 0.35
1795 0.35
1796 0.34
1797 0.34
1798 0.34
1799 0.33
1800 0.33
1801 0.32
1802 0.31
1803 0.3
1804 0.3
1805 0.3
1806 0.31
1807 0.3
1808 0.3
1809 0.3
1810 0.29
1811 0.3
1812 0.3
1813 0.3
1814 0.29
1815 0.28
1816 0.27
1817 0.27
1818 0.26
1819 0.26
1820 0.25
1821 0.25
1822 0.24
1823 0.24
1824 0.24
1825 0.24
1826 0.25
1827 0.24
1828 0.24
1829 0.24
1830 0.23
1831 0.23
1832 0.22
1833 0.22
1834 0.22
1835 0.21
1836 0.21
1837 0.21
1838 0.22
1839 0.21
1840 0.21
1841 0.21
1842 0.2
1843 0.2
1844 0.2
1845 0.2
1846 0.21
1847 0.21
1848 0.21
1849 0.21
1850 0.22
1851 0.21
1852 0.22
1853 0.22
1854 0.23
1855 0.22
1856 0.23
1857 0.23
1858 0.24
1859 0.25
1860 0.25
1861 0.25
1862 0.25
1863 0.26
1864 0.26
1865 0.26
1866 0.27
1867 0.28
1868 0.28
1869 0.29
1870 0.28
1871 0.27
1872 0.26
1873 0.27
1874 0.27
1875 0.27
1876 0.28
1877 0.28
1878 0.28
1879 0.28
1880 0.28
1881 0.28
1882 0.28
1883 0.28
1884 0.28
1885 0.29
1886 0.29
1887 0.3
1888 0.29
1889 0.29
1890 0.28
1891 0.28
1892 0.28
1893 0.28
1894 0.28
1895 0.28
1896 0.28
1897 0.29
1898 0.29
1899 0.29
1900 0.29
1901 0.29
1902 0.29
1903 0.29
1904 0.29
1905 0.3
1906 0.29
1907 0.29
1908 0.3
1909 0.3
1910 0.3
1911 0.29
1912 0.3
1913 0.3
1914 0.3
1915 0.3
1916 0.31
1917 0.31
1918 0.31
1919 0.31
1920 0.32
1921 0.32
1922 0.32
1923 0.33
1924 0.33
1925 0.33
1926 0.32
1927 0.33
1928 0.33
1929 0.34
1930 0.34
1931 0.33
1932 0.33
1933 0.33
1934 0.33
1935 0.34
1936 0.35
1937 0.36
1938 0.36
1939 0.36
1940 0.37
1941 0.38
1942 0.38
1943 0.38
1944 0.38
1945 0.39
1946 0.38
1947 0.37
1948 0.38
1949 0.38
1950 0.38
1951 0.39
1952 0.38
1953 0.37
1954 0.37
1955 0.37
1956 0.36
1957 0.37
1958 0.36
1959 0.36
1960 0.37
1961 0.38
1962 0.38
1963 0.38
1964 0.39
1965 0.39
1966 0.39
1967 0.38
1968 0.39
1969 0.38
1970 0.39
1971 0.39
1972 0.39
1973 0.38
1974 0.38
1975 0.38
1976 0.37
1977 0.37
1978 0.37
1979 0.37
1980 0.38
1981 0.39
1982 0.4
1983 0.41
1984 0.42
1985 0.41
1986 0.4
1987 0.39
1988 0.39
1989 0.4
1990 0.41
1991 0.41
1992 0.42
1993 0.42
1994 0.42
1995 0.42
1996 0.43
1997 0.43
1998 0.44
1999 0.44
2000 0.45
2001 0.45
1 0
2 0
3 0
4 0
5 0
6 0
7 0
8 0
9 0
10 0
11 0
12 0
13 0
14 0
15 0
16 0
17 0
18 0
19 0
20 0
21 0
22 0
23 0
24 0
25 0
26 0
27 0
28 0
29 0
30 0
31 0
32 0
33 0
34 0
35 0
36 0
37 0
38 0
39 0
40 0
41 0
42 0
43 0
44 0
45 0
46 0
47 0
48 0
49 0
50 0
51 0
52 0
53 0
54 0
55 0
56 0
57 0
58 0
59 0
60 0
61 0
62 0
63 0
64 0
65 0
66 0
67 0
68 0
69 0
70 0
71 0
72 0
73 0
74 0
75 0
76 0
77 0
78 0
79 0
80 0
81 0
82 0
83 0
84 0
85 0
86 0
87 0
88 0
89 0
90 0
91 0
92 0
93 0
94 0
95 0
96 0
97 0
98 0
99 0
100 0
101 0.0
102 0.0
103 0.0
104 0.0
105 0.0
106 0.0
107 0.0
108 0.0
109 0.0
110 0.0
111 0.0
112 0.0
113 0.0
114 0.0
115 0.0
116 0.0
117 0.0
118 0.0
119 0.0
120 0.0
121 0.0
122 0.0
123 0.0
124 0.0
125 0.0
126 0.0
127 0.0
128 0.0
129 0.0
130 0.0
131 0.0
132 0.0
133 0.0
134 0.0
135 0.0
136 0.0
137 0.0
138 0.0
139 0.0
140 0.0
141 0.0
142 0.0
143 0.0
144 0.0
145 0.0
146 0.0
147 0.0
148 0.0
149 0.0
150 0.0
151 0.0
152 0.0
153 0.0
154 0.0
155 0.0
156 0.0
157 0.0
158 0.0
159 0.0
160 0.0
161 0.0
162 0.0
163 0.0
164 0.0
165 0.0
166 0.0
167 0.0
168 0.0
169 0.0
170 0.0
171 0.0
172 0.01
173 0.01
174 0.01
175 0.01
176 0.01
177 0.01
178 0.01
179 0.01
180 0.01
181 0.02
182 0.02
183 0.02
184 0.02
185 0.02
186 0.02
187 0.03
188 0.03
189 0.04
190 0.04
191 0.04
192 0.04
193 0.04
194 0.04
195 0.04
196 0.04
197 0.04
198 0.04
199 0.04
200 0.05
201 0.05
202 0.05
203 0.05
204 0.05
205 0.05
206 0.05
207 0.05
208 0.05
209 0.05
210 0.05
211 0.05
212 0.05
213 0.05
214 0.05
215 0.05
216 0.05
217 0.05
218 0.05
219 0.05
220 0.05
221 0.05
222 0.05
223 0.05
224 0.05
225 0.05
226 0.06
227 0.06
228 0.06
229 0.06
230 0.06
231 0.06
232 0.06
233 0.06
234 0.06
235 0.06
236 0.06
237 0.07
238 0.07
239 0.07
240 0.07
241 0.07
242 0.07
243 0.07
244 0.07
245 0.07
246 0.07
247 0.07
248 0.07
249 0.07
250 0.07
251 0.07
252 0.07
253 0.07
254 0.07
255 0.07
256 0.07
257 0.07
258 0.07
259 0.07
260 0.07
261 0.07
262 0.07
263 0.07
264 0.07
265 0.07
266 0.07
267 0.07
268 0.07
269 0.07
270 0.07
271 0.08
272 0.08
273 0.08
274 0.09
275 0.09
276 0.09
277 0.09
278 0.09
279 0.09
280 0.09
281 0.08
282 0.08
283 0.08
284 0.08
285 0.08
286 0.08
287 0.07
288 0.07
289 0.06
290 0.06
291 0.06
292 0.07
293 0.07
294 0.07
295 0.07
296 0.07
297 0.07
298 0.07
299 0.07
300 0.06
301 0.06
302 0.06
303 0.06
304 0.06
305 0.06
306 0.07
307 0.07
308 0.07
309 0.07
310 0.08
311 0.08
312 0.08
313 0.08
314 0.08
315 0.08
316 0.08
317 0.08
318 0.09
319 0.09
320 0.09
321 0.09
322 0.09
323 0.09
324 0.09
325 0.1
326 0.09
327 0.09
328 0.09
329 0.09
330 0.09
331 0.09
332 0.1
333 0.1
334 0.1
335 0.1
336 0.1
337 0.09
338 0.1
339 0.1
340 0.1
341 0.1
342 0.1
343 0.1
344 0.1
345 0.1
346 0.1
347 0.1
348 0.1
349 0.1
350 0.1
351 0.1
352 0.1
353 0.1
354 0.1
355 0.1
356 0.1
357 0.1
358 0.1
359 0.1
360 0.11
361 0.11
362 0.12
363 0.12
364 0.13
365 0.14
366 0.14
367 0.14
368 0.14
369 0.15
370 0.15
371 0.14
372 0.13
373 0.13
374 0.13
375 0.13
376 0.13
377 0.13
378 0.13
379 0.13
380 0.13
381 0.13
382 0.13
383 0.13
384 0.14
385 0.14
386 0.14
387 0.14
388 0.14
389 0.14
390 0.15
391 0.15
392 0.14
393 0.15
394 0.16
395 0.16
396 0.16
397 0.16
398 0.16
399 0.17
400 0.18
401 0.18
402 0.18
403 0.18
404 0.18
405 0.18
406 0.17
407 0.17
408 0.17
409 0.17
410 0.16
411 0.16
412 0.16
413 0.16
414 0.17
415 0.17
416 0.17
417 0.17
418 0.16
419 0.16
420 0.16
421 0.16
422 0.17
423 0.17
424 0.17
425 0.16
426 0.16
427 0.17
428 0.17
429 0.17
430 0.17
431 0.17
432 0.17
433 0.17
434 0.18
435 0.18
436 0.18
437 0.19
438 0.19
439 0.19
440 0.19
441 0.19
442 0.19
443 0.2
444 0.21
445 0.21
446 0.21
447 0.21
448 0.21
449 0.21
450 0.21
451 0.21
452 0.21
453 0.21
454 0.22
455 0.22
456 0.23
457 0.23
458 0.23
459 0.23
460 0.22
461 0.22
462 0.21
463 0.22
464 0.21
465 0.2
466 0.2
467 0.2
468 0.21
469 0.2
470 0.2
471 0.2
472 0.2
473 0.2
474 0.19
475 0.19
476 0.19
477 0.19
478 0.19
479 0.19
480 0.19
481 0.19
482 0.19
483 0.19
484 0.18
485 0.18
486 0.18
487 0.18
488 0.18
489 0.18
490 0.17
491 0.17
492 0.17
493 0.16
494 0.15
495 0.15
496 0.15
497 0.15
498 0.15
499 0.14
500 0.13
501 0.13
502 0.13
503 0.13
504 0.14
505 0.14
506 0.14
507 0.15
508 0.15
509 0.16
510 0.17
511 0.17
512 0.17
513 0.17
514 0.17
515 0.18
516 0.18
517 0.19
518 0.2
519 0.2
520 0.2
521 0.2
522 0.19
523 0.19
524 0.19
525 0.2
526 0.2
527 0.19
528 0.19
529 0.19
530 0.19
531 0.2
532 0.2
533 0.21
534 0.2
535 0.21
536 0.21
537 0.2
538 0.2
539 0.2
540 0.2
541 0.2
542 0.2
543 0.2
544 0.19
545 0.2
546 0.21
547 0.21
548 0.21
549 0.22
550 0.23
551 0.23
552 0.24
553 0.24
554 0.23
555 0.23
556 0.22
557 0.22
558 0.23
559 0.23
560 0.23
561 0.24
562 0.24
563 0.23
564 0.23
565 0.23
566 0.23
567 0.23
568 0.22
569 0.22
570 0.22
571 0.22
572 0.22
573 0.23
574 0.23
575 0.23
576 0.23
577 0.23
578 0.24
579 0.24
580 0.24
581 0.25
582 0.25
583 0.25
584 0.25
585 0.25
586 0.25
587 0.25
588 0.25
589 0.25
590 0.26
591 0.26
592 0.26
593 0.27
594 0.27
595 0.27
596 0.27
597 0.28
598 0.29
599 0.3
600 0.3
601 0.3
602 0.3
603 0.3
604 0.29
605 0.29
606 0.29
607 0.28
608 0.28
609 0.27
610 0.26
611 0.27
612 0.27
613 0.27
614 0.27
615 0.26
616 0.26
617 0.25
618 0.24
619 0.24
620 0.24
621 0.24
622 0.24
623 0.25
624 0.25
625 0.24
626 0.25
627 0.25
628 0.25
629 0.25
630 0.26
631 0.26
632 0.25
633 0.24
634 0.24
635 0.23
636 0.23
637 0.23
638 0.22
639 0.22
640 0.22
641 0.22
642 0.22
643 0.21
644 0.22
645 0.21
646 0.2
647 0.2
648 0.2
649 0.19
650 0.18
651 0.18
652 0.17
653 0.17
654 0.18
655 0.18
656 0.19
657 0.2
658 0.19
659 0.2
660 0.2
661 0.19
662 0.19
663 0.19
664 0.2
665 0.2
666 0.2
667 0.2
668 0.2
669 0.21
670 0.21
671 0.21
672 0.21
673 0.21
674 0.21
675 0.21
676 0.21
677 0.22
678 0.21
679 0.21
680 0.21
681 0.21
682 0.21
683 0.21
684 0.22
685 0.22
686 0.22
687 0.22
688 0.23
689 0.23
690 0.22
691 0.23
692 0.24
693 0.23
694 0.23
695 0.23
696 0.23
697 0.22
698 0.21
699 0.2
700 0.2
701 0.21
702 0.22
703 0.23
704 0.23
705 0.24
706 0.24
707 0.24
708 0.25
709 0.25
710 0.25
711 0.24
712 0.24
713 0.24
714 0.24
715 0.25
716 0.25
717 0.25
718 0.26
719 0.26
720 0.26
721 0.26
722 0.27
723 0.26
724 0.27
725 0.28
726 0.27
727 0.27
728 0.28
729 0.28
730 0.27
731 0.26
732 0.26
733 0.26
734 0.27
735 0.27
736 0.27
737 0.28
738 0.29
739 0.29
740 0.29
741 0.29
742 0.29
743 0.29
744 0.28
745 0.28
746 0.28
747 0.28
748 0.28
749 0.28
750 0.28
751 0.28
752 0.29
753 0.29
754 0.28
755 0.28
756 0.28
757 0.28
758 0.28
759 0.28
760 0.28
761 0.28
762 0.28
763 0.28
764 0.28
765 0.28
766 0.29
767 0.29
768 0.29
769 0.28
770 0.28
771 0.28
772 0.28
773 0.27
774 0.28
775 0.28
776 0.29
777 0.28
778 0.28
779 0.28
780 0.28
781 0.27
782 0.28
783 0.28
784 0.28
785 0.28
786 0.28
787 0.28
788 0.27
789 0.27
790 0.27
791 0.26
792 0.25
793 0.25
794 0.25
795 0.25
796 0.25
797 0.25
798 0.25
799 0.25
800 0.26
801 0.25
802 0.24
803 0.23
804 0.24
805 0.23
806 0.24
807 0.24
808 0.23
809 0.23
810 0.23
811 0.23
812 0.23
813 0.23
814 0.22
815 0.21
816 0.21
817 0.22
818 0.21
819 0.21
820 0.21
821 0.21
822 0.2
823 0.2
824 0.19
825 0.18
826 0.19
827 0.19
828 0.18
829 0.18
830 0.19
831 0.19
832 0.2
833 0.2
834 0.19
835 0.2
836 0.2
837 0.19
838 0.18
839 0.19
840 0.19
841 0.19
842 0.19
843 0.19
844 0.19
845 0.19
846 0.19
847 0.19
848 0.19
849 0.2
850 0.2
851 0.2
852 0.19
853 0.2
854 0.2
855 0.21
856 0.2
857 0.19
858 0.19
859 0.18
860 0.18
861 0.19
862 0.19
863 0.19
864 0.18
865 0.18
866 0.18
867 0.18
868 0.18
869 0.18
870 0.18
871 0.18
872 0.19
873 0.19
874 0.18
875 0.18
876 0.17
877 0.17
878 0.17
879 0.18
880 0.18
881 0.18
882 0.17
883 0.18
884 0.17
885 0.17
886 0.18
887 0.18
888 0.18
889 0.18
890 0.18
891 0.18
892 0.18
893 0.18
894 0.18
895 0.18
896 0.18
897 0.19
898 0.19
899 0.19
900 0.18
901 0.19
902 0.19
903 0.19
904 0.18
905 0.19
906 0.18
907 0.18
908 0.18
909 0.19
910 0.19
911 0.19
912 0.19
913 0.19
914 0.19
915 0.19
916 0.19
917 0.18
918 0.19
919 0.19
920 0.19
921 0.19
922 0.19
923 0.19
924 0.19
925 0.19
926 0.18
927 0.18
928 0.18
929 0.18
930 0.17
931 0.17
932 0.16
933 0.16
934 0.16
935 0.15
936 0.15
937 0.16
938 0.16
939 0.15
940 0.15
941 0.15
942 0.15
943 0.16
944 0.16
945 0.16
946 0.17
947 0.18
948 0.18
949 0.17
950 0.17
951 0.18
952 0.18
953 0.17
954 0.18
955 0.17
956 0.18
957 0.18
958 0.18
959 0.18
960 0.19
961 0.19
962 0.19
963 0.19
964 0.19
965 0.19
966 0.18
967 0.18
968 0.18
969 0.19
970 0.19
971 0.19
972 0.18
973 0.18
974 0.19
975 0.19
976 0.19
977 0.2
978 0.2
979 0.19
980 0.2
981 0.2
982 0.21
983 0.21
984 0.21
985 0.22
986 0.21
987 0.22
988 0.23
989 0.23
990 0.23
991 0.23
992 0.23
993 0.23
994 0.24
995 0.24
996 0.24
997 0.23
998 0.23
999 0.24
1000 0.24
1001 0.23
1002 0.24
1003 0.24
1004 0.25
1005 0.25
1006 0.25
1007 0.25
1008 0.25
1009 0.25
1010 0.26
1011 0.26
1012 0.26
1013 0.26
1014 0.26
1015 0.27
1016 0.27
1017 0.27
1018 0.26
1019 0.26
1020 0.26
1021 0.26
1022 0.26
1023 0.26
1024 0.27
1025 0.27
1026 0.28
1027 0.29
1028 0.29
1029 0.29
1030 0.3
1031 0.3
1032 0.31
1033 0.32
1034 0.33
1035 0.33
1036 0.33
1037 0.33
1038 0.34
1039 0.34
1040 0.35
1041 0.36
1042 0.37
1043 0.37
1044 0.38
1045 0.38
1046 0.38
1047 0.38
1048 0.38
1049 0.39
1050 0.4
1051 0.39
1052 0.39
1053 0.39
1054 0.38
1055 0.39
1056 0.39
1057 0.39
1058 0.4
1059 0.4
1060 0.39
1061 0.39
1062 0.4
1063 0.4
1064 0.4
1065 0.4
1066 0.41
1067 0.41
1068 0.42
1069 0.41
1070 0.42
1071 0.43
1072 0.43
1073 0.43
1074 0.43
1075 0.43
1076 0.44
1077 0.43
1078 0.44
1079 0.44
1080 0.43
1081 0.43
1082 0.42
1083 0.42
1084 0.42
1085 0.41
1086 0.42
1087 0.41
1088 0.4
1089 0.41
1090 0.42
1091 0.43
1092 0.43
1093 0.44
1094 0.43
1095 0.44
1096 0.44
1097 0.44
1098 0.45
1099 0.44
1100 0.44
1101 0.44
1102 0.43
1103 0.43
1104 0.42
1105 0.41
1106 0.41
1107 0.41
1108 0.42
1109 0.41
1110 0.41
1111 0.41
1112 0.41
1113 0.41
1114 0.41
1115 0.41
1116 0.41
1117 0.42
1118 0.42
1119 0.42
1120 0.43
1121 0.43
1122 0.43
1123 0.43
1124 0.43
1125 0.43
1126 0.42
1127 0.42
1128 0.42
1129 0.43
1130 0.42
1131 0.43
1132 0.42
1133 0.41
1134 0.4
1135 0.41
1136 0.42
1137 0.42
1138 0.42
1139 0.42
1140 0.41
1141 0.41
1142 0.41
1143 0.4
1144 0.39
1145 0.39
1146 0.39
1147 0.38
1148 0.39
1149 0.38
1150 0.38
1151 0.39
1152 0.39
1153 0.39
1154 0.4
1155 0.4
1156 0.39
1157 0.4
1158 0.39
1159 0.39
1160 0.39
1161 0.38
1162 0.37
1163 0.37
1164 0.37
1165 0.37
1166 0.36
1167 0.36
1168 0.35
1169 0.35
1170 0.35
1171 0.34
1172 0.34
1173 0.34
1174 0.33
1175 0.33
1176 0.32
1177 0.33
1178 0.32
1179 0.32
1180 0.33
1181 0.33
1182 0.34
1183 0.33
1184 0.33
1185 0.34
1186 0.34
1187 0.34
1188 0.34
1189 0.34
1190 0.33
1191 0.32
1192 0.32
1193 0.31
1194 0.32
1195 0.31
1196 0.32
1197 0.32
1198 0.32
1199 0.32
1200 0.32
1201 0.32
1202 0.32
1203 0.32
1204 0.32
1205 0.33
1206 0.33
1207 0.33
1208 0.32
1209 0.32
1210 0.32
1211 0.33
1212 0.33
1213 0.34
1214 0.34
1215 0.33
1216 0.33
1217 0.32
1218 0.33
1219 0.33
1220 0.32
1221 0.33
1222 0.33
1223 0.33
1224 0.33
1225 0.33
1226 0.33
1227 0.33
1228 0.34
1229 0.33
1230 0.33
1231 0.33
1232 0.33
1233 0.34
1234 0.34
1235 0.33
1236 0.33
1237 0.33
1238 0.33
1239 0.34
1240 0.34
1241 0.33
1242 0.33
1243 0.34
1244 0.34
1245 0.35
1246 0.34
1247 0.35
1248 0.34
1249 0.35
1250 0.35
1251 0.35
1252 0.35
1253 0.36
1254 0.36
1255 0.35
1256 0.36
1257 0.36
1258 0.37
1259 0.38
1260 0.38
1261 0.38
1262 0.38
1263 0.38
1264 0.38
1265 0.38
1266 0.39
1267 0.4
1268 0.4
1269 0.41
1270 0.41
1271 0.41
1272 0.42
1273 0.42
1274 0.42
1275 0.42
1276 0.43
1277 0.42
1278 0.43
1279 0.44
1280 0.43
1281 0.44
1282 0.44
1283 0.45
1284 0.45
1285 0.45
1286 0.44
1287 0.44
1288 0.44
1289 0.43
1290 0.44
1291 0.44
1292 0.45
1293 0.46
1294 0.46
1295 0.46
1296 0.45
1297 0.46
1298 0.45
1299 0.46
1300 0.46
1301 0.47
1302 0.47
1303 0.47
1304 0.47
1305 0.47
1306 0.48
1307 0.48
1308 0.49
1309 0.49
1310 0.48
1311 0.48
1312 0.49
1313 0.49
1314 0.49
1315 0.49
1316 0.49
1317 0.5
1318 0.5
1319 0.5
1320 0.5
1321 0.49
1322 0.49
1323 0.49
1324 0.48
1325 0.48
1326 0.48
1327 0.47
1328 0.47
1329 0.47
1330 0.48
1331 0.47
1332 0.47
1333 0.46
1334 0.46
1335 0.47
1336 0.47
1337 0.47
1338 0.47
1339 0.47
1340 0.48
1341 0.49
1342 0.48
1343 0.47
1344 0.48
1345 0.48
1346 0.48
1347 0.48
1348 0.49
1349 0.48
1350 0.47
1351 0.47
1352 0.47
1353 0.47
1354 0.46
1355 0.46
1356 0.45
1357 0.44
1358 0.43
1359 0.42
1360 0.42
1361 0.43
1362 0.44
1363 0.44
1364 0.44
1365 0.44
1366 0.43
1367 0.42
1368 0.43
1369 0.42
1370 0.41
1371 0.42
1372 0.42
1373 0.42
1374 0.43
1375 0.43
1376 0.42
1377 0.42
1378 0.41
1379 0.41
1380 0.42
1381 0.41
1382 0.4
1383 0.39
1384 0.4
1385 0.4
1386 0.4
1387 0.4
1388 0.41
1389 0.42
1390 0.42
1391 0.43
1392 0.42
1393 0.41
1394 0.41
1395 0.42
1396 0.42
1397 0.42
1398 0.42
1399 0.42
1400 0.42
1401 0.42
1402 0.43
1403 0.43
1404 0.43
1405 0.43
1406 0.43
1407 0.44
1408 0.44
1409 0.45
1410 0.45
1411 0.45
1412 0.44
1413 0.43
1414 0.43
1415 0.44
1416 0.45
1417 0.45
1418 0.45
1419 0.45
1420 0.46
1421 0.46
1422 0.46
1423 0.46
1424 0.46
1425 0.46
1426 0.47
1427 0.48
1428 0.48
1429 0.48
1430 0.47
1431 0.47
1432 0.48
1433 0.48
1434 0.49
1435 0.49
1436 0.48
1437 0.48
1438 0.48
1439 0.48
1440 0.47
1441 0.46
1442 0.46
1443 0.46
1444 0.45
1445 0.44
1446 0.44
1447 0.43
1448 0.42
1449 0.42
1450 0.42
1451 0.41
1452 0.41
1453 0.4
1454 0.41
1455 0.42
1456 0.42
1457 0.43
1458 0.43
1459 0.43
1460 0.43
1461 0.42
1462 0.41
1463 0.41
1464 0.41
1465 0.41
1466 0.41
1467 0.41
1468 0.4
1469 0.4
1470 0.41
1471 0.4
1472 0.39
1473 0.4
1474 0.39
1475 0.39
1476 0.39
1477 0.39
1478 0.39
1479 0.38
1480 0.37
1481 0.37
1482 0.37
1483 0.37
1484 0.36
1485 0.36
1486 0.37
1487 0.37
1488 0.37
1489 0.37
1490 0.37
1491 0.36
1492 0.37
1493 0.37
1494 0.37
1495 0.36
1496 0.37
1497 0.37
1498 0.37
1499 0.36
1500 0.36
1501 0.36
1502 0.36
1503 0.37
1504 0.37
1505 0.37
1506 0.37
1507 0.36
1508 0.35
1509 0.34
1510 0.34
1511 0.33
1512 0.33
1513 0.33
1514 0.33
1515 0.33
1516 0.32
1517 0.31
1518 0.3
1519 0.3
1520 0.29
1521 0.3
1522 0.3
1523 0.3
1524 0.3
1525 0.3
1526 0.29
1527 0.28
1528 0.28
1529 0.28
1530 0.28
1531 0.28
1532 0.27
1533 0.28
1534 0.27
1535 0.27
1536 0.27
1537 0.27
1538 0.26
1539 0.25
1540 0.26
1541 0.27
1542 0.27
1543 0.28
1544 0.28
1545 0.29
1546 0.29
1547 0.3
1548 0.31
1549 0.32
1550 0.33
1551 0.34
1552 0.35
1553 0.36
1554 0.36
1555 0.36
1556 0.37
1557 0.36
1558 0.37
1559 0.38
1560 0.38
1561 0.39
1562 0.39
1563 0.39
1564 0.4
1565 0.4
1566 0.41
1567 0.41
1568 0.42
1569 0.43
1570 0.43
1571 0.43
1572 0.44
1573 0.43
1574 0.44
1575 0.44
1576 0.44
1577 0.45
1578 0.45
1579 0.45
1580 0.45
1581 0.46
1582 0.47
1583 0.48
1584 0.48
1585 0.48
1586 0.47
1587 0.47
1588 0.46
1589 0.46
1590 0.46
1591 0.46
1592 0.46
1593 0.46
1594 0.45
1595 0.46
1596 0.45
1597 0.44
1598 0.45
1599 0.45
1600 0.45
1601 0.45
1602 0.44
1603 0.44
1604 0.44
1605 0.43
1606 0.42
1607 0.43
1608 0.44
1609 0.45
1610 0.45
1611 0.45
1612 0.45
1613 0.45
1614 0.45
1615 0.44
1616 0.44
1617 0.44
1618 0.45
1619 0.45
1620 0.46
1621 0.45
1622 0.45
1623 0.45
1624 0.45
1625 0.45
1626 0.46
1627 0.46
1628 0.46
1629 0.47
1630 0.48
1631 0.48
1632 0.48
1633 0.48
1634 0.49
1635 0.49
1636 0.5
1637 0.49
1638 0.49
1639 0.49
1640 0.49
1641 0.48
1642 0.49
1643 0.48
1644 0.49
1645 0.48
1646 0.49
1647 0.48
1648 0.47
1649 0.47
1650 0.46
1651 0.46
1652 0.46
1653 0.46
1654 0.45
1655 0.45
1656 0.44
1657 0.45
1658 0.44
1659 0.43
1660 0.43
1661 0.43
1662 0.44
1663 0.44
1664 0.43
1665 0.43
1666 0.42
1667 0.42
1668 0.41
1669 0.4
1670 0.4
1671 0.41
1672 0.41
1673 0.41
1674 0.4
1675 0.4
1676 0.41
1677 0.41
1678 0.42
1679 0.42
1680 0.42
1681 0.41
1682 0.41
1683 0.41
1684 0.42
1685 0.41
1686 0.42
1687 0.43
1688 0.44
1689 0.43
1690 0.42
1691 0.43
1692 0.43
1693 0.44
1694 0.45
1695 0.45
1696 0.46
1697 0.46
1698 0.46
1699 0.47
1700 0.48
1701 0.48
1702 0.49
1703 0.49
1704 0.5
1705 0.51
1706 0.52
1707 0.52
1708 0.52
1709 0.52
1710 0.53
1711 0.54
1712 0.55
1713 0.56
1714 0.57
1715 0.57
1716 0.57
1717 0.58
1718 0.58
1719 0.58
1720 0.58
1721 0.59
1722 0.6
1723 0.6
1724 0.61
1725 0.61
1726 0.6
1727 0.61
1728 0.6
1729 0.6
1730 0.6
1731 0.61
1732 0.62
1733 0.62
1734 0.62
1735 0.62
1736 0.62
1737 0.62
1738 0.63
1739 0.63
1740 0.63
1741 0.64
1742 0.64
1743 0.64
1744 0.63
1745 0.64
1746 0.64
1747 0.65
1748 0.66
1749 0.66
1750 0.67
1751 0.67
1752 0.67
1753 0.67
1754 0.68
1755 0.67
1756 0.67
1757 0.66
1758 0.67
1759 0.68
1760 0.69
1761 0.68
1762 0.68
1763 0.69
1764 0.69
1765 0.7
1766 0.7
1767 0.71
1768 0.72
1769 0.72
1770 0.72
1771 0.71
1772 0.71
1773 0.72
1774 0.73
1775 0.74
1776 0.73
1777 0.72
1778 0.71
1779 0.71
1780 0.71
1781 0.72
1782 0.71
1783 0.71
1784 0.7
1785 0.7
1786 0.69
1787 0.68
1788 0.67
1789 0.68
1790 0.69
1791 0.69
1792 0.69
1793 0.68
1794 0.67
1795 0.67
1796 0.67
1797 0.67
1798 0.66
1799 0.66
1800 0.66
1801 0.66
1802 0.65
1803 0.64
1804 0.64
1805 0.64
1806 0.63
1807 0.62
1808 0.61
1809 0.6
1810 0.59
1811 0.59
1812 0.59
1813 0.58
1814 0.58
1815 0.59
1816 0.59
1817 0.58
1818 0.57
1819 0.58
1820 0.58
1821 0.57
1822 0.56
1823 0.57
1824 0.56
1825 0.56
1826 0.56
1827 0.56
1828 0.57
1829 0.56
1830 0.56
1831 0.55
1832 0.54
1833 0.53
1834 0.53
1835 0.53
1836 0.52
1837 0.53
1838 0.52
1839 0.53
1840 0.52
1841 0.51
1842 0.51
1843 0.52
1844 0.52
1845 0.51
1846 0.51
1847 0.5
1848 0.49
1849 0.49
1850 0.48
1851 0.48
1852 0.47
1853 0.47
1854 0.46
1855 0.47
1856 0.47
1857 0.47
1858 0.47
1859 0.47
1860 0.46
1861 0.47
1862 0.47
1863 0.47
1864 0.47
1865 0.46
1866 0.46
1867 0.46
1868 0.46
1869 0.47
1870 0.47
1871 0.47
1872 0.47
1873 0.47
1874 0.47
1875 0.47
1876 0.48
1877 0.48
1878 0.49
1879 0.5
1880 0.51
1881 0.5
1882 0.51
1883 0.51
1884 0.51
1885 0.51
1886 0.52
1887 0.53
1888 0.54
1889 0.54
1890 0.53
1891 0.53
1892 0.53
1893 0.54
1894 0.55
1895 0.55
1896 0.55
1897 0.55
1898 0.55
1899 0.55
1900 0.55
1901 0.55
1902 0.56
1903 0.56
1904 0.56
1905 0.55
1906 0.55
1907 0.56
1908 0.57
1909 0.58
1910 0.59
1911 0.58
1912 0.58
1913 0.59
1914 0.59
1915 0.58
1916 0.59
1917 0.6
1918 0.6
1919 0.59
1920 0.59
1921 0.6
1922 0.61
1923 0.61
1924 0.61
1925 0.61
1926 0.61
1927 0.61
1928 0.6
1929 0.61
1930 0.61
1931 0.62
1932 0.63
1933 0.64
1934 0.64
1935 0.64
1936 0.65
1937 0.65
1938 0.65
1939 0.65
1940 0.66
1941 0.67
1942 0.66
1943 0.65
1944 0.66
1945 0.67
1946 0.67
1947 0.68
1948 0.69
1949 0.69
1950 0.7
1951 0.69
1952 0.7
1953 0.7
1954 0.71
1955 0.7
1956 0.7
1957 0.71
1958 0.71
1959 0.71
1960 0.71
1961 0.71
1962 0.7
1963 0.7
1964 0.71
1965 0.71
1966 0.72
1967 0.72
1968 0.72
1969 0.72
1970 0.72
1971 0.73
1972 0.73
1973 0.73
1974 0.72
1975 0.71
1976 0.71
1977 0.71
1978 0.71
1979 0.71
1980 0.7
1981 0.7
1982 0.7
1983 0.7
1984 0.71
1985 0.72
1986 0.72
1987 0.71
1988 0.71
1989 0.71
1990 0.72
1991 0.72
1992 0.71
1993 0.7
1994 0.7
1995 0.7
1996 0.7
1997 0.7
1998 0.71
1999 0.71
2000 0.71
2001 0.71
1 0
2 0
3 0
4 0
5 0
6 0
7 0
8 0
9 0
10 0
11 0
12 0
13 0
14 0
15 0
16 0
17 0
18 0
19 0
20 0
21 0
22 0
23 0
24 0
25 0
26 0
27 0
28 0
29 0
30 0
31 0
32 0
33 0
34 0
35 0
36 0
37 0
38 0
39 0
40 0
41 0
42 0
43 0
44 0
45 0
46 0
47 0
48 0
49 0
50 0
51 0
52 0
53 0
54 0
55 0
56 0
57 0
58 0
59 0
60 0
61 0
62 0
63 0
64 0
65 0
66 0
67 0
68 0
69 0
70 0
71 0
72 0
73 0
74 0
75 0
76 0
77 0
78 0
79 0
80 0
81 0
82 0
83 0
84 0
85 0
86 0
87 0
88 0
89 0
90 0
91 0
92 0
93 0
94 0
95 0
96 0
97 0
98 0
99 0
100 0
101 0.0
102 0.0
103 0.0
104 0.0
105 0.0
106 0.0
107 0.0
108 0.0
109 0.0
110 0.0
111 0.0
112 0.0
113 0.0
114 0.0
115 0.0
116 0.0
117 0.0
118 0.0
119 0.0
120 0.0
121 0.0
122 0.0
123 0.0
124 0.0
125 0.0
126 0.0
127 0.01
128 0.01
129 0.01
130 0.01
131 0.01
132 0.01
133 0.01
134 0.01
135 0.01
136 0.01
137 0.01
138 0.01
139 0.01
140 0.01
141 0.01
142 0.01
143 0.01
144 0.01
145 0.01
146 0.01
147 0.01
148 0.01
149 0.01
150 0.01
151 0.01
152 0.01
153 0.01
154 0.01
155 0.01
156 0.01
157 0.01
158 0.01
159 0.01
160 0.01
161 0.01
162 0.01
163 0.01
164 0.01
165 0.01
166 0.02
167 0.02
168 0.02
169 0.02
170 0.02
171 0.02
172 0.02
173 0.02
174 0.02
175 0.02
176 0.02
177 0.02
178 0.02
179 0.02
180 0.02
181 0.02
182 0.02
183 0.02
184 0.02
185 0.02
186 0.02
187 0.02
188 0.02
189 0.02
190 0.02
191 0.03
192 0.03
193 0.04
194 0.04
195 0.04
196 0.05
197 0.05
198 0.05
199 0.05
200 0.05
201 0.05
202 0.05
203 0.05
204 0.05
205 0.06
206 0.06
207 0.06
208 0.06
209 0.06
210 0.06
211 0.06
212 0.06
213 0.06
214 0.06
215 0.06
216 0.06
217 0.06
218 0.06
219 0.06
220 0.06
221 0.06
222 0.06
223 0.06
224 0.06
225 0.06
226 0.06
227 0.05
228 0.05
229 0.06
230 0.06
231 0.06
232 0.06
233 0.06
234 0.06
235 0.06
236 0.06
237 0.06
238 0.06
239 0.06
240 0.06
241 0.07
242 0.08
243 0.08
244 0.08
245 0.08
246 0.09
247 0.09
248 0.09
249 0.1
250 0.1
251 0.1
252 0.1
253 0.1
254 0.11
255 0.11
256 0.11
257 0.11
258 0.11
259 0.11
260 0.11
261 0.11
262 0.11
263 0.11
264 0.12
265 0.13
266 0.12
267 0.12
268 0.12
269 0.13
270 0.13
271 0.13
272 0.13
273 0.13
274 0.13
275 0.13
276 0.14
277 0.15
278 0.15
279 0.15
280 0.15
281 0.16
282 0.16
283 0.16
284 0.16
285 0.16
286 0.16
287 0.16
288 0.16
289 0.16
290 0.16
291 0.15
292 0.15
293 0.14
294 0.14
295 0.14
296 0.13
297 0.13
298 0.14
299 0.15
300 0.15
301 0.15
302 0.15
303 0.15
304 0.16
305 0.16
306 0.16
307 0.16
308 0.16
309 0.17
310 0.17
311 0.17
312 0.17
313 0.17
314 0.18
315 0.18
316 0.18
317 0.18
318 0.18
319 0.18
320 0.19
321 0.19
322 0.2
323 0.2
324 0.2
325 0.2
326 0.2
327 0.2
328 0.2
329 0.19
330 0.19
331 0.2
332 0.21
333 0.21
334 0.21
335 0.22
336 0.22
337 0.22
338 0.22
339 0.23
340 0.23
341 0.22
342 0.21
343 0.22
344 0.22
345 0.23
346 0.22
347 0.22
348 0.22
349 0.22
350 0.22
351 0.22
352 0.22
353 0.22
354 0.21
355 0.21
356 0.21
357 0.21
358 0.21
359 0.21
360 0.21
361 0.21
362 0.21
363 0.21
364 0.21
365 0.21
366 0.21
367 0.22
368 0.22
369 0.21
370 0.21
371 0.21
372 0.21
373 0.21
374 0.21
375 0.21
376 0.21
377 0.2
378 0.21
379 0.21
380 0.21
381 0.2
382 0.21
383 0.22
384 0.22
385 0.22
386 0.23
387 0.23
388 0.24
389 0.25
390 0.26
391 0.26
392 0.27
393 0.27
394 0.27
395 0.27
396 0.27
397 0.28
398 0.28
399 0.27
400 0.28
401 0.28
402 0.29
403 0.3
404 0.29
405 0.28
406 0.28
407 0.29
408 0.29
409 0.28
410 0.28
411 0.28
412 0.28
413 0.28
414 0.28
415 0.29
416 0.29
417 0.3
418 0.3
419 0.31
420 0.31
421 0.31
422 0.3
423 0.3
424 0.3
425 0.3
426 0.31
427 0.31
428 0.31
429 0.31
430 0.31
431 0.3
432 0.3
433 0.3
434 0.3
435 0.29
436 0.29
437 0.29
438 0.29
439 0.28
440 0.29
441 0.29
442 0.29
443 0.28
444 0.28
445 0.27
446 0.28
447 0.29
448 0.29
449 0.28
450 0.28
451 0.29
452 0.29
453 0.29
454 0.3
455 0.3
456 0.3
457 0.3
458 0.31
459 0.31
460 0.32
461 0.32
462 0.32
463 0.32
464 0.31
465 0.3
466 0.3
467 0.29
468 0.3
469 0.3
470 0.3
471 0.3
472 0.3
473 0.3
474 0.3
475 0.31
476 0.3
477 0.3
478 0.29
479 0.29
480 0.3
481 0.31
482 0.3
483 0.3
484 0.3
485 0.3
486 0.29
487 0.29
488 0.29
489 0.28
490 0.27
491 0.27
492 0.26
493 0.26
494 0.26
495 0.26
496 0.26
497 0.25
498 0.24
499 0.24
500 0.23
501 0.23
502 0.22
503 0.22
504 0.22
505 0.22
506 0.22
507 0.22
508 0.22
509 0.22
510 0.22
511 0.22
512 0.22
513 0.22
514 0.21
515 0.2
516 0.2
517 0.19
518 0.2
519 0.19
520 0.19
521 0.19
522 0.19
523 0.19
524 0.19
525 0.19
526 0.18
527 0.18
528 0.18
529 0.18
530 0.19
531 0.19
532 0.18
533 0.18
534 0.19
535 0.19
536 0.19
537 0.19
538 0.19
539 0.2
540 0.19
541 0.19
542 0.19
543 0.19
544 0.2
545 0.2
546 0.19
547 0.18
548 0.19
549 0.2
550 0.2
551 0.2
552 0.2
553 0.2
554 0.19
555 0.19
556 0.19
557 0.19
558 0.19
559 0.19
560 0.19
561 0.2
562 0.2
563 0.2
564 0.21
565 0.21
566 0.22
567 0.23
568 0.22
569 0.22
570 0.22
571 0.22
572 0.23
573 0.23
574 0.23
575 0.22
576 0.22
577 0.23
578 0.23
579 0.24
580 0.23
581 0.22
582 0.23
583 0.23
584 0.23
585 0.23
586 0.23
587 0.23
588 0.23
589 0.23
590 0.23
591 0.23
592 0.23
593 0.23
594 0.24
595 0.24
596 0.24
597 0.25
598 0.25
599 0.26
600 0.26
601 0.27
602 0.28
603 0.27
604 0.27
605 0.28
606 0.29
607 0.28
608 0.29
609 0.3
610 0.3
611 0.31
612 0.31
613 0.32
614 0.33
615 0.34
616 0.34
617 0.35
618 0.35
619 0.35
620 0.35
621 0.35
622 0.35
623 0.36
624 0.36
625 0.36
626 0.37
627 0.37
628 0.37
629 0.38
630 0.37
631 0.37
632 0.38
633 0.39
634 0.39
635 0.4
636 0.41
637 0.42
638 0.42
639 0.41
640 0.41
641 0.41
642 0.42
643 0.42
644 0.42
645 0.42
646 0.42
647 0.42
648 0.41
649 0.41
650 0.41
651 0.4
652 0.4
653 0.41
654 0.41
655 0.41
656 0.41
657 0.41
658 0.41
659 0.42
660 0.41
661 0.4
662 0.4
663 0.41
664 0.4
665 0.41
666 0.4
667 0.39
668 0.39
669 0.4
670 0.4
671 0.41
672 0.41
673 0.41
674 0.41
675 0.42
676 0.43
677 0.42
678 0.42
679 0.41
680 0.41
681 0.41
682 0.4
683 0.39
684 0.4
685 0.4
686 0.4
687 0.4
688 0.39
689 0.39
690 0.4
691 0.41
692 0.42
693 0.42
694 0.42
695 0.43
696 0.43
697 0.43
698 0.43
699 0.42
700 0.42
701 0.42
702 0.41
703 0.41
704 0.41
705 0.4
706 0.4
707 0.4
708 0.39
709 0.38
710 0.39
711 0.38
712 0.38
713 0.38
714 0.37
715 0.36
716 0.36
717 0.35
718 0.35
719 0.35
720 0.35
721 0.35
722 0.36
723 0.35
724 0.36
725 0.37
726 0.36
727 0.37
728 0.37
729 0.36
730 0.36
731 0.37
732 0.36
733 0.36
734 0.35
735 0.34
736 0.34
737 0.34
738 0.34
739 0.34
740 0.35
741 0.36
742 0.35
743 0.35
744 0.34
745 0.34
746 0.34
747 0.34
748 0.35
749 0.35
750 0.35
751 0.35
752 0.35
753 0.35
754 0.35
755 0.35
756 0.36
757 0.37
758 0.36
759 0.35
760 0.35
761 0.35
762 0.35
763 0.34
764 0.34
765 0.34
766 0.34
767 0.34
768 0.34
769 0.33
770 0.34
771 0.33
772 0.32
773 0.32
774 0.32
775 0.31
776 0.3
777 0.31
778 0.32
779 0.32
780 0.32
781 0.32
782 0.32
783 0.33
784 0.32
785 0.32
786 0.33
787 0.33
788 0.33
789 0.33
790 0.33
791 0.32
792 0.31
793 0.31
794 0.31
795 0.31
796 0.31
797 0.31
798 0.31
799 0.31
800 0.31
801 0.3
802 0.31
803 0.31
804 0.32
805 0.32
806 0.31
807 0.32
808 0.33
809 0.33
810 0.32
811 0.33
812 0.34
813 0.34
814 0.35
815 0.35
816 0.36
817 0.36
818 0.36
819 0.37
820 0.37
821 0.37
822 0.37
823 0.37
824 0.36
825 0.35
826 0.35
827 0.35
828 0.36
829 0.37
830 0.37
831 0.36
832 0.37
833 0.37
834 0.37
835 0.37
836 0.36
837 0.36
838 0.36
839 0.37
840 0.36
841 0.35
842 0.35
843 0.35
844 0.36
845 0.36
846 0.36
847 0.36
848 0.35
849 0.34
850 0.34
851 0.35
852 0.36
853 0.36
854 0.36
855 0.37
856 0.36
857 0.35
858 0.35
859 0.36
860 0.36
861 0.36
862 0.36
863 0.36
864 0.36
865 0.35
866 0.35
867 0.35
868 0.36
869 0.36
870 0.35
871 0.36
872 0.37
873 0.38
874 0.39
875 0.4
876 0.4
877 0.39
878 0.38
879 0.38
880 0.38
881 0.39
882 0.4
883 0.4
884 0.4
885 0.4
886 0.4
887 0.4
888 0.4
889 0.41
890 0.41
891 0.42
892 0.43
893 0.43
894 0.42
895 0.42
896 0.43
897 0.42
898 0.43
899 0.43
900 0.43
901 0.43
902 0.43
903 0.44
904 0.44
905 0.44
906 0.45
907 0.45
908 0.45
909 0.45
910 0.45
911 0.45
912 0.44
913 0.43
914 0.43
915 0.43
916 0.43
917 0.43
918 0.43
919 0.42
920 0.42
921 0.42
922 0.42
923 0.42
924 0.43
925 0.44
926 0.45
927 0.44
928 0.44
929 0.44
930 0.44
931 0.45
932 0.44
933 0.43
934 0.43
935 0.43
936 0.43
937 0.42
938 0.42
939 0.41
940 0.42
941 0.43
942 0.43
943 0.43
944 0.42
945 0.42
946 0.42
947 0.43
948 0.43
949 0.44
950 0.45
951 0.44
952 0.43
953 0.43
954 0.43
955 0.42
956 0.43
957 0.43
958 0.44
959 0.44
960 0.45
961 0.46
962 0.47
963 0.47
964 0.48
965 0.49
966 0.5
967 0.51
968 0.51
969 0.51
970 0.52
971 0.52
972 0.51
973 0.5
974 0.5
975 0.49
976 0.49
977 0.49
978 0.5
979 0.5
980 0.51
981 0.51
982 0.51
983 0.5
984 0.51
985 0.52
986 0.51
987 0.52
988 0.53
989 0.52
990 0.51
991 0.51
992 0.5
993 0.51
994 0.52
995 0.52
996 0.51
997 0.52
998 0.52
999 0.53
1000 0.54
1001 0.55
1002 0.54
1003 0.53
1004 0.52
1005 0.53
1006 0.52
1007 0.52
1008 0.51
1009 0.52
1010 0.52
1011 0.52
1012 0.52
1013 0.53
1014 0.52
1015 0.52
1016 0.51
1017 0.52
1018 0.52
1019 0.53
1020 0.53
1021 0.53
1022 0.53
1023 0.53
1024 0.53
1025 0.53
1026 0.53
1027 0.54
1028 0.53
1029 0.53
1030 0.53
1031 0.53
1032 0.54
1033 0.55
1034 0.55
1035 0.56
1036 0.56
1037 0.57
1038 0.57
1039 0.57
1040 0.57
1041 0.57
1042 0.57
1043 0.58
1044 0.58
1045 0.59
1046 0.59
1047 0.58
1048 0.58
1049 0.58
1050 0.57
1051 0.58
1052 0.59
1053 0.58
1054 0.59
1055 0.59
1056 0.58
1057 0.59
1058 0.59
1059 0.59
1060 0.58
1061 0.57
1062 0.56
1063 0.57
1064 0.56
1065 0.55
1066 0.54
1067 0.54
1068 0.54
1069 0.54
1070 0.53
1071 0.52
1072 0.53
1073 0.54
1074 0.53
1075 0.54
1076 0.55
1077 0.56
1078 0.56
1079 0.56
1080 0.55
1081 0.55
1082 0.55
1083 0.55
1084 0.54
1085 0.54
1086 0.54
1087 0.54
1088 0.53
1089 0.53
1090 0.54
1091 0.54
1092 0.55
1093 0.54
1094 0.54
1095 0.53
1096 0.53
1097 0.52
1098 0.51
1099 0.5
1100 0.5
1101 0.49
1102 0.49
1103 0.5
1104 0.5
1105 0.49
1106 0.49
1107 0.49
1108 0.49
1109 0.48
1110 0.49
1111 0.48
1112 0.49
1113 0.48
1114 0.48
1115 0.49
1116 0.5
1117 0.49
1118 0.49
1119 0.49
1120 0.48
1121 0.49
1122 0.48
1123 0.48
1124 0.48
1125 0.48
1126 0.47
1127 0.46
1128 0.47
1129 0.47
1130 0.48
1131 0.48
1132 0.48
1133 0.47
1134 0.47
1135 0.47
1136 0.47
1137 0.47
1138 0.48
1139 0.48
1140 0.47
1141 0.47
1142 0.47
1143 0.47
1144 0.47
1145 0.47
1146 0.48
1147 0.48
1148 0.49
1149 0.49
1150 0.5
1151 0.5
1152 0.5
1153 0.51
1154 0.51
1155 0.52
1156 0.53
1157 0.53
1158 0.52
1159 0.52
1160 0.53
1161 0.54
1162 0.54
1163 0.53
1164 0.54
1165 0.55
1166 0.56
1167 0.55
1168 0.54
1169 0.54
1170 0.55
1171 0.55
1172 0.55
1173 0.55
1174 0.55
1175 0.55
1176 0.55
1177 0.55
1178 0.54
1179 0.55
1180 0.56
1181 0.56
1182 0.56
1183 0.57
1184 0.58
1185 0.58
1186 0.59
1187 0.58
1188 0.59
1189 0.6
1190 0.59
1191 0.59
1192 0.58
1193 0.59
1194 0.58
1195 0.58
1196 0.58
1197 0.59
1198 0.59
1199 0.59
1200 0.58
1201 0.58
1202 0.58
1203 0.57
1204 0.57
1205 0.57
1206 0.58
1207 0.58
1208 0.59
1209 0.6
1210 0.59
1211 0.6
1212 0.59
1213 0.59
1214 0.59
1215 0.59
1216 0.59
1217 0.6
1218 0.6
1219 0.59
1220 0.6
1221 0.6
1222 0.61
1223 0.62
1224 0.61
1225 0.61
1226 0.62
1227 0.63
1228 0.62
1229 0.61
1230 0.6
1231 0.59
1232 0.59
1233 0.6
1234 0.6
1235 0.6
1236 0.6
1237 0.59
1238 0.58
1239 0.58
1240 0.58
1241 0.57
1242 0.58
1243 0.58
1244 0.58
1245 0.58
1246 0.57
1247 0.57
1248 0.57
1249 0.57
1250 0.57
1251 0.56
1252 0.55
1253 0.54
1254 0.53
1255 0.52
1256 0.52
1257 0.52
1258 0.52
1259 0.52
1260 0.51
1261 0.51
1262 0.51
1263 0.51
1264 0.51
1265 0.5
1266 0.5
1267 0.5
1268 0.5
1269 0.5
1270 0.5
1271 0.5
1272 0.5
1273 0.49
1274 0.5
1275 0.5
1276 0.5
1277 0.49
1278 0.5
1279 0.5
1280 0.49
1281 0.49
1282 0.49
1283 0.48
1284 0.48
1285 0.48
1286 0.48
1287 0.49
1288 0.49
1289 0.49
1290 0.49
1291 0.49
1292 0.5
1293 0.5
1294 0.5
1295 0.51
1296 0.52
1297 0.52
1298 0.53
1299 0.54
1300 0.55
1301 0.56
1302 0.56
1303 0.56
1304 0.57
1305 0.57
1306 0.57
1307 0.57
1308 0.57
1309 0.56
1310 0.57
1311 0.57
1312 0.57
1313 0.57
1314 0.58
1315 0.57
1316 0.57
1317 0.56
1318 0.56
1319 0.56
1320 0.55
1321 0.54
1322 0.53
1323 0.52
1324 0.53
1325 0.52
1326 0.51
1327 0.51
1328 0.51
1329 0.52
1330 0.53
1331 0.53
1332 0.53
1333 0.53
1334 0.54
1335 0.53
1336 0.54
1337 0.54
1338 0.55
1339 0.56
1340 0.56
1341 0.56
1342 0.56
1343 0.56
1344 0.57
1345 0.57
1346 0.57
1347 0.57
1348 0.56
1349 0.55
1350 0.54
1351 0.55
1352 0.56
1353 0.56
1354 0.57
1355 0.57
1356 0.57
1357 0.57
1358 0.57
1359 0.56
1360 0.56
1361 0.55
1362 0.55
1363 0.56
1364 0.56
1365 0.57
1366 0.57
1367 0.57
1368 0.57
1369 0.57
1370 0.56
1371 0.56
1372 0.56
1373 0.56
1374 0.56
1375 0.55
1376 0.54
1377 0.55
1378 0.55
1379 0.55
1380 0.56
1381 0.56
1382 0.56
1383 0.56
1384 0.55
1385 0.55
1386 0.55
1387 0.55
1388 0.54
1389 0.54
1390 0.54
1391 0.54
1392 0.53
1393 0.52
1394 0.53
1395 0.52
1396 0.51
1397 0.5
1398 0.49
1399 0.48
1400 0.48
1401 0.48
1402 0.48
1403 0.49
1404 0.48
1405 0.49
1406 0.48
1407 0.47
1408 0.46
1409 0.46
1410 0.45
1411 0.44
1412 0.44
1413 0.44
1414 0.43
1415 0.43
1416 0.42
1417 0.42
1418 0.42
1419 0.42
1420 0.42
1421 0.43
1422 0.44
1423 0.45
1424 0.45
1425 0.45
1426 0.46
1427 0.45
1428 0.46
1429 0.46
1430 0.45
1431 0.45
1432 0.45
1433 0.44
1434 0.44
1435 0.45
1436 0.45
1437 0.45
1438 0.45
1439 0.45
1440 0.46
1441 0.47
1442 0.47
1443 0.47
1444 0.46
1445 0.45
1446 0.45
1447 0.46
1448 0.47
1449 0.48
1450 0.48
1451 0.48
1452 0.47
1453 0.47
1454 0.46
1455 0.46
1456 0.46
1457 0.45
1458 0.45
1459 0.45
1460 0.45
1461 0.45
1462 0.45
1463 0.44
1464 0.43
1465 0.43
1466 0.43
1467 0.43
1468 0.44
1469 0.45
1470 0.46
1471 0.47
1472 0.47
1473 0.48
1474 0.48
1475 0.49
1476 0.5
1477 0.5
1478 0.5
1479 0.5
1480 0.5
1481 0.5
1482 0.49
1483 0.5
1484 0.51
1485 0.51
1486 0.5
1487 0.5
1488 0.51
1489 0.51
1490 0.51
1491 0.51
1492 0.51
1493 0.51
1494 0.51
1495 0.51
1496 0.51
1497 0.52
1498 0.53
1499 0.54
1500 0.54
1501 0.54
1502 0.55
1503 0.55
1504 0.56
1505 0.56
1506 0.57
1507 0.57
1508 0.58
1509 0.59
1510 0.6
1511 0.6
1512 0.61
1513 0.61
1514 0.62
1515 0.63
1516 0.64
1517 0.65
1518 0.65
1519 0.65
1520 0.66
1521 0.66
1522 0.65
1523 0.65
1524 0.65
1525 0.66
1526 0.65
1527 0.66
1528 0.66
1529 0.65
1530 0.66
1531 0.66
1532 0.65
1533 0.66
1534 0.65
1535 0.65
1536 0.64
1537 0.65
1538 0.64
1539 0.63
1540 0.62
1541 0.61
1542 0.61
1543 0.6
1544 0.61
1545 0.61
1546 0.61
1547 0.61
1548 0.61
1549 0.61
1550 0.62
1551 0.62
1552 0.63
1553 0.63
1554 0.64
1555 0.65
1556 0.65
1557 0.65
1558 0.65
1559 0.66
1560 0.67
1561 0.68
1562 0.69
1563 0.7
1564 0.7
1565 0.7
1566 0.7
1567 0.7
1568 0.69
1569 0.69
1570 0.69
1571 0.68
1572 0.68
1573 0.67
1574 0.66
1575 0.66
1576 0.66
1577 0.66
1578 0.65
1579 0.64
1580 0.64
1581 0.63
1582 0.64
1583 0.63
1584 0.63
1585 0.63
1586 0.64
1587 0.64
1588 0.64
1589 0.64
1590 0.64
1591 0.64
1592 0.65
1593 0.65
1594 0.65
1595 0.65
1596 0.65
1597 0.64
1598 0.63
1599 0.62
1600 0.61
1601 0.61
1602 0.6
1603 0.6
1604 0.6
1605 0.59
1606 0.58
1607 0.58
1608 0.58
1609 0.57
1610 0.56
1611 0.56
1612 0.55
1613 0.55
1614 0.54
1615 0.53
1616 0.52
1617 0.51
1618 0.5
1619 0.5
1620 0.49
1621 0.49
1622 0.49
1623 0.48
1624 0.47
1625 0.46
1626 0.46
1627 0.45
1628 0.44
1629 0.44
1630 0.43
1631 0.43
1632 0.43
1633 0.42
1634 0.42
1635 0.41
1636 0.42
1637 0.41
1638 0.41
1639 0.41
1640 0.42
1641 0.43
1642 0.43
1643 0.44
1644 0.44
1645 0.45
1646 0.45
1647 0.44
1648 0.44
1649 0.44
1650 0.43
1651 0.43
1652 0.43
1653 0.44
1654 0.44
1655 0.43
1656 0.43
1657 0.43
1658 0.44
1659 0.44
1660 0.44
1661 0.44
1662 0.44
1663 0.43
1664 0.44
1665 0.44
1666 0.44
1667 0.45
1668 0.45
1669 0.45
1670 0.45
1671 0.46
1672 0.46
1673 0.47
1674 0.48
1675 0.48
1676 0.48
1677 0.48
1678 0.48
1679 0.49
1680 0.48
1681 0.48
1682 0.47
1683 0.47
1684 0.46
1685 0.46
1686 0.45
1687 0.44
1688 0.44
1689 0.43
1690 0.44
1691 0.44
1692 0.44
1693 0.44
1694 0.44
1695 0.44
1696 0.45
1697 0.45
1698 0.45
1699 0.45
1700 0.45
1701 0.44
1702 0.44
1703 0.44
1704 0.43
1705 0.44
1706 0.44
1707 0.44
1708 0.44
1709 0.45
1710 0.45
1711 0.46
1712 0.47
1713 0.47
1714 0.48
1715 0.49
1716 0.49
1717 0.49
1718 0.49
1719 0.49
1720 0.5
1721 0.49
1722 0.5
1723 0.51
1724 0.52
1725 0.53
1726 0.54
1727 0.54
1728 0.54
1729 0.55
1730 0.56
1731 0.56
1732 0.56
1733 0.57
1734 0.58
1735 0.59
1736 0.59
1737 0.59
1738 0.6
1739 0.61
1740 0.61
1741 0.61
1742 0.61
1743 0.61
1744 0.61
1745 0.6
1746 0.61
1747 0.61
1748 0.61
1749 0.6
1750 0.61
1751 0.6
1752 0.59
1753 0.59
1754 0.58
1755 0.58
1756 0.58
1757 0.58
1758 0.57
1759 0.56
1760 0.56
1761 0.56
1762 0.56
1763 0.57
1764 0.57
1765 0.57
1766 0.56
1767 0.56
1768 0.57
1769 0.57
1770 0.57
1771 0.57
1772 0.57
1773 0.56
1774 0.56
1775 0.55
1776 0.55
1777 0.55
1778 0.56
1779 0.56
1780 0.57
1781 0.58
1782 0.58
1783 0.58
1784 0.59
1785 0.59
1786 0.59
1787 0.6
1788 0.6
1789 0.6
1790 0.6
1791 0.59
1792 0.58
1793 0.59
1794 0.58
1795 0.58
1796 0.57
1797 0.58
1798 0.58
1799 0.58
1800 0.59
1801 0.6
1802 0.6
1803 0.6
1804 0.6
1805 0.6
1806 0.61
1807 0.62
1808 0.62
1809 0.61
1810 0.62
1811 0.62
1812 0.61
1813 0.62
1814 0.62
1815 0.62
1816 0.62
1817 0.63
1818 0.64
1819 0.64
1820 0.64
1821 0.65
1822 0.64
1823 0.64
1824 0.64
1825 0.63
1826 0.62
1827 0.62
1828 0.62
1829 0.62
1830 0.61
1831 0.62
1832 0.63
1833 0.62
1834 0.62
1835 0.62
1836 0.62
1837 0.63
1838 0.63
1839 0.62
1840 0.62
1841 0.62
1842 0.61
1843 0.61
1844 0.6
1845 0.61
1846 0.6
1847 0.6
1848 0.6
1849 0.6
1850 0.59
1851 0.6
1852 0.61
1853 0.6
1854 0.6
1855 0.61
1856 0.61
1857 0.61
1858 0.62
1859 0.63
1860 0.63
1861 0.62
1862 0.61
1863 0.61
1864 0.61
1865 0.61
1866 0.61
1867 0.61
1868 0.6
1869 0.59
1870 0.58
1871 0.57
1872 0.56
1873 0.56
1874 0.56
1875 0.56
1876 0.55
1877 0.54
1878 0.53
1879 0.53
1880 0.53
1881 0.52
1882 0.53
1883 0.54
1884 0.53
1885 0.53
1886 0.53
1887 0.53
1888 0.52
1889 0.52
1890 0.51
1891 0.52
1892 0.52
1893 0.52
1894 0.53
1895 0.54
1896 0.55
1897 0.55
1898 0.56
1899 0.56
1900 0.56
1901 0.56
1902 0.57
1903 0.57
1904 0.57
1905 0.57
1906 0.56
1907 0.55
1908 0.55
1909 0.55
1910 0.54
1911 0.54
1912 0.55
1913 0.55
1914 0.54
1915 0.54
1916 0.55
1917 0.54
1918 0.53
1919 0.54
1920 0.54
1921 0.54
1922 0.54
1923 0.54
1924 0.54
1925 0.55
1926 0.56
1927 0.57
1928 0.58
1929 0.58
1930 0.59
1931 0.59
1932 0.58
1933 0.59
1934 0.59
1935 0.58
1936 0.58
1937 0.58
1938 0.57
1939 0.58
1940 0.58
1941 0.58
1942 0.58
1943 0.58
1944 0.58
1945 0.57
1946 0.58
1947 0.59
1948 0.59
1949 0.6
1950 0.6
1951 0.6
1952 0.6
1953 0.6
1954 0.6
1955 0.6
1956 0.6
1957 0.61
1958 0.61
1959 0.61
1960 0.6
1961 0.6
1962 0.6
1963 0.59
1964 0.58
1965 0.58
1966 0.59
1967 0.59
1968 0.59
1969 0.59
1970 0.6
1971 0.6
1972 0.61
1973 0.62
1974 0.61
1975 0.61
1976 0.61
1977 0.61
1978 0.62
1979 0.62
1980 0.61
1981 0.62
1982 0.62
1983 0.62
1984 0.63
1985 0.63
1986 0.63
1987 0.63
1988 0.64
1989 0.65
1990 0.65
1991 0.65
1992 0.65
1993 0.64
1994 0.63
1995 0.62
1996 0.61
1997 0.6
1998 0.59
1999 0.6
2000 0.59
2001 0.59
25854.757649421692
